1609,2619
1609,2620
1609,2621
1609,2622
1609,2623
1609,2700
1609,2701
1609,2702
1609,2703
1609,2704
1609,2705
1609,2706
1609,2707
1609,2708
1609,2709
1609,2710
1609,2711
1609,2712
1609,2713
1609,2714
1609,2715
1609,2716
1609,2717
1609,2718
1609,2719
1609,2720
1609,2721
1609,2722
1609,2723
1609,2800
1609,2801
1609,2802
1609,2803
1609,2804
1609,2805
1609,2806
1609,2807
1609,2808
1609,2809
1609,2810
1609,2811
1609,2812
1609,2813
1609,2814
1609,2815
1609,2816
1609,2817
1609,2818
1609,2819
1609,2820
1609,2821
1609,2822
1609,2823
1609,2900
1609,2901
1609,2902
1609,2903
1609,2904
1609,2905
1609,2906
1609,2907
1609,2908
1609,2909
1609,2910
1609,2911
1609,2912
1609,2913
1609,2914
1609,2915
1609,2916
1609,2917
1609,2918
1609,2919
1609,2920
1609,2921
1609,2922
1609,2923
1609,3000
1609,3001
1609,3002
1609,3003
1609,3004
1609,3005
1609,3006
1609,3007
1609,3008
1609,3009
1609,3010
1609,3011
1609,3012
1609,3013
1609,3014
1609,3015
1609,3016
1609,3017
1609,3018
1609,3019
1609,3020
1609,3021
1609,3022
1609,3023
1610,0100
1610,0101
1610,0102
1610,0103
1610,0104
1610,0105
1610,0106
1610,0107
1610,0108
1610,0109
1610,0110
1610,0111
1610,0112
1610,0113
1610,0114
1610,0115
1610,0116
1610,0117
1610,0118
1610,0119
1610,0120
1610,0121
1610,0122
1610,0123
1610,0200
1610,0201
1610,0202
1610,0203
1610,0204
1610,0205
1610,0206
1610,0207
1610,0208
1610,0209
1610,0210
1610,0211
1610,0212
1610,0213
1610,0214
1610,0215
1610,0216
1610,0217
1610,0218
1610,0219
1610,0220
1610,0221
1610,0222
1610,0223
1610,0300
1610,0301
1610,0302
1610,0303
1610,0304
1610,0305
1610,0306
1610,0307
1610,0308
1610,0309
1610,0310
1610,0311
1610,0312
1610,0313
1610,0314
1610,0315
1610,0316
1610,0317
1610,0318
1610,0319
1610,0320
1610,0321
1610,0322
1610,0323
1610,0400
1610,0401
1610,0402
1610,0403
1610,0404
1610,0405
1610,0406
1610,0407
1610,0408
1610,0409
1610,0410
1610,0411
1610,0412
1610,0413
1610,0414
1610,0415
1610,0416
1610,0417
1610,0418
1610,0419
1610,0420
1610,0421
1610,0422
1610,0423
1610,0500
1610,0501
1610,0502
1610,0503
1610,0504
1610,0505
1610,0506
1610,0507
1610,0508
1610,0509
1610,0510
1610,0511
1610,0512
1610,0513
1610,0514
1610,0515
1610,0516
1610,0517
1610,0518
1610,0519
1610,0520
1610,0521
1610,0522
1610,0523
1610,0600
1610,0601
1610,0602
1610,0603
1610,0604
1610,0605
1610,0606
1610,0607
1610,0608
1610,0609
1610,0610
1610,0611
1610,0612
1610,0613
1610,0614
1610,0615
1610,0616
1610,0617
1610,0618
1610,0619
1610,0620
1610,0621
1610,0622
1610,0623
1610,0700
1610,0701
1610,0702
1610,0703
1610,0704
1610,0705
1610,0706
1610,0707
1610,0708
1610,0709
1610,0710
1610,0711
1610,0712
1610,0713
1610,0714
1610,0715
1610,0716
1610,0717
1610,0718
1610,0719
1610,0720
1610,0721
1610,0722
1610,0723
1610,0800
1610,0801
1610,0802
1610,0803
1610,0804
1610,0805
1610,0806
1610,0807
1610,0808
1610,0809
1610,0810
1610,0811
1610,0812
1610,0813
1610,0814
1610,0815
1610,0816
1610,0817
1610,0818
1610,0819
1610,0820
1610,0821
1610,0822
1610,0823
1610,0900
1610,0901
1610,0902
1610,0903
1610,0904
1610,0905
1610,0906
1610,0907
1610,0908
1610,0909
1610,0910
1610,0911
1610,0912
1610,0913
1610,0914
1610,0915
1610,0916
1610,0917
1610,0918
1610,0919
1610,0920
1610,0921
1610,0922
1610,0923
1610,1000
1610,1001
1610,1002
1610,1003
1610,1004
1610,1005
1610,1006
1610,1007
1610,1008
1610,1009
1610,1010
1610,1011
1610,1012
1610,1013
1610,1014
1610,1015
1610,1016
1610,1017
1610,1018
1610,1019
1610,1020
1610,1021
1610,1022
1610,1023
1610,1100
1610,1101
1610,1102
1610,1103
1610,1104
1610,1105
1610,1106
1610,1107
1610,1108
1610,1109
1610,1110
1610,1111
1610,1112
1610,1113
1610,1114
1610,1115
1610,1116
1610,1117
1610,1118
1610,1119
1610,1120
1610,1121
1610,1122
1610,1123
1610,1200
1610,1201
1610,1202
1610,1203
1610,1204
1610,1205
1610,1206
1610,1207
1610,1208
1610,1209
1610,1210
1610,1211
1610,1212
1610,1213
1610,1214
1610,1215
1610,1216
1610,1217
1610,1218
1610,1219
1610,1220
1610,1221
1610,1222
1610,1223
1610,1300
1610,1301
1610,1302
1610,1303
1610,1304
1610,1305
1610,1306
1610,1307
1610,1308
1610,1309
1610,1310
1610,1311
1610,1312
1610,1313
1610,1314
1610,1315
1610,1316
1610,1317
1610,1318
1610,1319
1610,1320
1610,1321
1610,1322
1610,1323
1610,1400
1610,1401
1610,1402
1610,1403
1610,1404
1610,1405
1610,1406
1610,1407
1610,1408
1610,1409
1610,1410
1610,1411
1610,1412
1610,1413
1610,1414
1610,1415
1610,1416
1610,1417
1610,1418
1610,1419
1610,1420
1610,1421
1610,1422
1610,1423
1610,1500
1610,1501
1610,1502
1610,1503
1610,1504
1610,1505
1610,1506
1610,1507
1610,1508
1610,1509
1610,1510
1610,1511
1610,1512
1610,1513
1610,1514
1610,1515
1610,1516
1610,1517
1610,1518
1610,1519
1610,1520
1610,1521
1610,1522
1610,1523
1610,1600
1610,1601
1610,1602
1610,1603
1610,1604
1610,1605
1610,1606
1610,1607
1610,1608
1610,1609
1610,1610
1610,1611
1610,1612
1610,1613
1610,1614
1610,1615
1610,1616
1610,1617
1610,1618
1610,1619
1610,1620
1610,1621
1610,1622
1610,1623
1610,1700
1610,1701
1610,1702
1610,1703
1610,1704
1610,1705
1610,1706
1610,1707
1610,1708
1610,1709
1610,1710
1610,1711
1610,1712
1610,1713
1610,1714
1610,1715
1610,1716
1610,1717
1610,1718
1610,1719
1610,1720
1610,1721
1610,1722
1610,1723
1610,1800
1610,1801
1610,1802
1610,1803
1610,1804
1610,1805
1610,1806
1610,1807
1610,1808
1610,1809
1610,1810
1610,1811
1610,1812
1610,1813
1610,1814
1610,1815
1610,1816
1610,1817
1610,1818
1610,1819
1610,1820
1610,1821
1610,1822
1610,1823
1610,1900
1610,1901
1610,1902
1610,1903
1610,1904
1610,1905
1610,1906
1610,1907
1610,1908
1610,1909
1610,1910
1610,1911
1610,1912
1610,1913
1610,1914
1610,1915
1610,1916
1610,1917
1610,1918
1610,1919
1610,1920
1610,1921
1610,1922
1610,1923
1610,2000
1610,2001
1610,2002
1610,2003
1610,2004
1610,2005
1610,2006
1610,2007
1610,2008
1610,2009
1610,2010
1610,2011
1610,2012
1610,2013
1610,2014
1610,2015
1610,2016
1610,2017
1610,2018
1610,2019
1610,2020
1610,2021
1610,2022
1610,2023
1610,2100
1610,2101
1610,2102
1610,2103
1610,2104
1610,2105
1610,2106
1610,2107
1610,2108
1610,2109
1610,2110
1610,2111
1610,2112
1610,2113
1610,2114
1610,2115
1610,2116
1610,2117
1610,2118
1610,2119
1610,2120
1610,2121
1610,2122
1610,2123
1610,2200
1610,2201
1610,2202
1610,2203
1610,2204
1610,2205
1610,2206
1610,2207
1610,2208
1610,2209
1610,2210
1610,2211
1610,2212
1610,2213
1610,2214
1610,2215
1610,2216
1610,2217
1610,2218
1610,2219
1610,2220
1610,2221
1610,2222
1610,2223
1610,2300
1610,2301
1610,2302
1610,2303
1610,2304
1610,2305
1610,2306
1610,2307
1610,2308
1610,2309
1610,2310
1610,2311
1610,2312
1610,2313
1610,2314
1610,2315
1610,2316
1610,2317
1610,2318
1610,2319
1610,2320
1610,2321
1610,2322
1610,2323
1610,2400
1610,2401
1610,2402
1610,2403
1610,2404
1610,2405
1610,2406
1610,2407
1610,2408
1610,2409
1610,2410
1610,2411
1610,2412
1610,2413
1610,2414
1610,2415
1610,2416
1610,2417
1610,2418
1610,2419
1610,2420
1610,2421
1610,2422
1610,2423
1610,2500
1610,2501
1610,2502
1610,2503
1610,2504
1610,2505
1610,2506
1610,2507
1610,2508
1610,2509
1610,2510
1610,2511
1610,2512
1610,2513
1610,2514
1610,2515
1610,2516
1610,2517
1610,2518
1610,2519
1610,2520
1610,2521
1610,2522
1610,2523
1610,2600
1610,2601
1610,2602
1610,2603
1610,2604
1610,2605
1610,2606
1610,2607
1610,2608
1610,2609
1610,2610
1610,2611
1610,2612
1610,2613
1610,2614
1610,2615
1610,2616
1610,2617
1610,2618
1610,2619
1610,2620
1610,2621
1610,2622
1610,2623
1610,2700
1610,2701
1610,2702
1610,2703
1610,2704
1610,2705
1610,2706
1610,2707
1610,2708
1610,2709
1610,2710
1610,2711
1610,2712
1610,2713
1610,2714
1610,2715
1610,2716
1610,2717
1610,2718
1610,2719
1610,2720
1610,2721
1610,2722
1610,2723
1610,2800
1610,2801
1610,2802
1610,2803
1610,2804
1610,2805
1610,2806
1610,2807
1610,2808
1610,2809
1610,2810
1610,2811
1610,2812
1610,2813
1610,2814
1610,2815
1610,2816
1610,2817
1610,2818
1610,2819
1610,2820
1610,2821
1610,2822
1610,2823
1610,2900
1610,2901
1610,2902
1610,2903
1610,2904
1610,2905
1610,2906
1610,2907
1610,2917
1610,2918
1610,2919
1610,2920
1610,2921
1610,2922
1610,2923
1610,3000
1610,3001
1610,3002
1610,3003
1610,3003
1610,3004
1610,3005
1610,3006
1610,3007
1610,3008
1610,3009
1610,3010
1610,3011
1610,3012
1610,3013
1610,3014
1610,3015
1610,3016
1610,3017
1610,3018
1610,3019
1610,3020
1610,3021
1610,3022
1610,3023
1610,3100
1610,3101
1610,3102
1610,3103
1610,3104
1610,3105
1610,3106
1610,3107
1610,3108
1610,3109
1610,3110
1610,3111
1610,3112
1610,3113
1610,3114
1610,3115
1610,3116
1610,3117
1610,3118
1610,3119
1610,3120
1610,3121
1610,3122
1610,3123
1611,0100
1611,0101
1611,0102
1611,0103
1611,0104
1611,0105
1611,0106
1611,0107
1611,0108
1611,0109
1611,0110
1611,0111
1611,0112
1611,0113
1611,0114
1611,0115
1611,0116
1611,0117
1611,0118
1611,0119
1611,0120
1611,0121
1611,0122
1611,0123
1611,0200
1611,0201
1611,0202
1611,0203
1611,0204
1611,0205
1611,0206
1611,0207
1611,0208
1611,0209
1611,0210
1611,0211
1611,0212
1611,0213
1611,0214
1611,0215
1611,0216
1611,0217
1611,0218
1611,0219
1611,0220
1611,0221
1611,0222
1611,0223
1611,0300
1611,0301
1611,0302
1611,0303
1611,0304
1611,0305
1611,0306
1611,0307
1611,0308
1611,0309
1611,0310
1611,0311
1611,0312
1611,0313
1611,0314
1611,0315
1611,0316
1611,0317
1611,0318
1611,0319
1611,0320
1611,0321
1611,0322
1611,0323
1611,0400
1611,0401
1611,0402
1611,0403
1611,0404
1611,0405
1611,0406
1611,0407
1611,0408
1611,0409
1611,0410
1611,0411
1611,0412
1611,0413
1611,0414
1611,0415
1611,0416
1611,0417
1611,0418
1611,0419
1611,0420
1611,0421
1611,0422
1611,0423
1611,0500
1611,0501
1611,0502
1611,0503
1611,0504
1611,0505
1611,0506
1611,0507
1611,0508
1611,0509
1611,0510
1611,0511
1611,0512
1611,0513
1611,0514
1611,0515
1611,0516
1611,0517
1611,0518
1611,0519
1611,0520
1611,0521
1611,0522
1611,0523
1611,0600
1611,0601
1611,0602
1611,0603
1611,0604
1611,0605
1611,0606
1611,0607
1611,0608
1611,0609
1611,0610
1611,0611
1611,0612
1611,0613
1611,0614
1611,0615
1611,0616
1611,0617
1611,0618
1611,0619
1611,0620
1611,0621
1611,0622
1611,0623
1611,0700
1611,0701
1611,0702
1611,0703
1611,0704
1611,0705
1611,0706
1611,0707
1611,0708
1611,0709
1611,0710
1611,0711
1611,0712
1611,0713
1611,0714
1611,0715
1611,0716
1611,0717
1611,0718
1611,0719
1611,0720
1611,0721
1611,0722
1611,0723
1611,0800
1611,0801
1611,0802
1611,0803
1611,0804
1611,0805
1611,0806
1611,0807
1611,0808
1611,0809
1611,0810
1611,0811
1611,0812
1611,0813
1611,0814
1611,0815
1611,0816
1611,0817
1611,0818
1611,0819
1611,0820
1611,0821
1611,0822
1611,0823
1611,0900
1611,0901
1611,0902
1611,0903
1611,0904
1611,0905
1611,0906
1611,0907
1611,0908
1611,0909
1611,0910
1611,0911
1611,0912
1611,0913
1611,0914
1611,0915
1611,0916
1611,0917
1611,0918
1611,0919
1611,0920
1611,0921
1611,0922
1611,0923
1611,1000
1611,1001
1611,1002
1611,1003
1611,1004
1611,1005
1611,1006
1611,1007
1611,1008
1611,1009
1611,1010
1611,1011
1611,1012
1611,1013
1611,1014
1611,1015
1611,1016
1611,1017
1611,1018
1611,1019
1611,1020
1611,1021
1611,1022
1611,1023
1611,1100
1611,1101
1611,1102
1611,1103
1611,1104
1611,1105
1611,1106
1611,1107
1611,1108
1611,1109
1611,1110
1611,1111
1611,1112
1611,1113
1611,1114
1611,1115
1611,1116
1611,1117
1611,1118
1611,1119
1611,1120
1611,1121
1611,1122
1611,1123
1611,1200
1611,1201
1611,1202
1611,1203
1611,1204
1611,1205
1611,1206
1611,1207
1611,1208
1611,1209
1611,1210
1611,1211
1611,1212
1611,1213
1611,1214
1611,1215
1611,1216
1611,1217
1611,1218
1611,1219
1611,1220
1611,1221
1611,1222
1611,1223
1611,1300
1611,1301
1611,1302
1611,1303
1611,1304
1611,1305
1611,1306
1611,1307
1611,1308
1611,1309
1611,1310
1611,1311
1611,1312
1611,1313
1611,1314
1611,1315
1611,1316
1611,1317
1611,1318
1611,1319
1611,1320
1611,1321
1611,1322
1611,1323
1611,1400
1611,1401
1611,1402
1611,1403
1611,1404
1611,1405
1611,1406
1611,1407
1611,1408
1611,1409
1611,1410
1611,1411
1611,1412
1611,1413
1611,1414
1611,1415
1611,1416
1611,1417
1611,1418
1611,1419
1611,1420
1611,1421
1611,1422
1611,1423
1611,1500
1611,1501
1611,1502
1611,1503
1611,1504
1611,1505
1611,1506
1611,1507
1611,1508
1611,1509
1611,1510
1611,1511
1611,1512
1611,1513
1611,1514
1611,1515
1611,1516
1611,1517
1611,1518
1611,1519
1611,1520
1611,1521
1611,1522
1611,1523
1611,1600
1611,1601
1611,1602
1611,1603
1611,1604
1611,1605
1611,1606
1611,1607
1611,1608
1611,1609
1611,1610
1611,1611
1611,1612
1611,1613
1611,1614
1611,1615
1611,1616
1611,1617
1611,1618
1611,1619
1611,1620
1611,1621
1611,1622
1611,1623
1611,1700
1611,1701
1611,1702
1611,1703
1611,1704
1611,1705
1611,1706
1611,1707
1611,1708
1611,1709
1611,1710
1611,1711
1611,1712
1611,1713
1611,1714
1611,1715
1611,1716
1611,1717
1611,1718
1611,1719
1611,1720
1611,1721
1611,1722
1611,1723
1611,1800
1611,1801
1611,1802
1611,1803
1611,1804
1611,1805
1611,1806
1611,1807
1611,1808
1611,1809
1611,1810
1611,1811
1611,1812
1611,1813
1611,1814
1611,1815
1611,1816
1611,1817
1611,1818
1611,1819
1611,1820
1611,1821
1611,1822
1611,1823
1611,1900
1611,1901
1611,1902
1611,1903
1611,1904
1611,1905
1611,1906
1611,1907
1611,1908
1611,1909
1611,1910
1611,1911
1611,1912
1611,1913
1611,1914
1611,1915
1611,1916
1611,1917
1611,1918
1611,1919
1611,1920
1611,1921
1611,1922
1611,1923
1611,2000
1611,2001
1611,2002
1611,2003
1611,2004
1611,2005
1611,2006
1611,2007
1611,2008
1611,2009
1611,2010
1611,2011
1611,2012
1611,2013
1611,2014
1611,2015
1611,2016
1611,2017
1611,2018
1611,2019
1611,2020
1611,2021
1611,2022
1611,2023
1611,2100
1611,2101
1611,2102
1611,2103
1611,2104
1611,2105
1611,2106
1611,2107
1611,2108
1611,2109
1611,2110
1611,2111
1611,2112
1611,2113
1611,2114
1611,2115
1611,2116
1611,2117
1611,2118
1611,2119
1611,2120
1611,2121
1611,2122
1611,2123
1611,2200
1611,2201
1611,2202
1611,2203
1611,2204
1611,2205
1611,2206
1611,2207
1611,2208
1611,2209
1611,2210
1611,2211
1611,2212
1611,2213
1611,2214
1611,2215
1611,2216
1611,2217
1611,2218
1611,2219
1611,2220
1611,2221
1611,2222
1611,2223
1611,2300
1611,2301
1611,2302
1611,2303
1611,2304
1611,2305
1611,2306
1611,2307
1611,2308
1611,2309
1611,2310
1611,2311
1611,2312
1611,2313
1611,2314
1611,2315
1611,2316
1611,2317
1611,2318
1611,2319
1611,2320
1611,2321
1611,2322
1611,2323
1611,2400
1611,2401
1611,2402
1611,2403
1611,2404
1611,2405
1611,2406
1611,2407
1611,2408
1611,2409
1611,2410
1611,2411
1611,2412
1611,2413
1611,2414
1611,2415
1611,2416
1611,2417
1611,2418
1611,2419
1611,2420
1611,2421
1611,2422
1611,2423
1611,2500
1611,2501
1611,2502
1611,2503
1611,2504
1611,2505
1611,2506
1611,2507
1611,2508
1611,2509
1611,2510
1611,2511
1611,2512
1611,2513
1611,2514
1611,2515
1611,2516
1611,2517
1611,2518
1611,2519
1611,2520
1611,2521
1611,2522
1611,2523
1611,2600
1611,2601
1611,2602
1611,2603
1611,2604
1611,2605
1611,2606
1611,2607
1611,2608
1611,2609
1611,2610
1611,2611
1611,2612
1611,2613
1611,2614
1611,2615
1611,2616
1611,2617
1611,2618
1611,2619
1611,2620
1611,2621
1611,2622
1611,2623
1611,2700
1611,2701
1611,2702
1611,2703
1611,2704
1611,2705
1611,2706
1611,2707
1611,2708
1611,2709
1611,2710
1611,2711
1611,2712
1611,2713
1611,2714
1611,2715
1611,2716
1611,2717
1611,2718
1611,2719
1611,2720
1611,2721
1611,2722
1611,2723
1611,2800
1611,2801
1611,2802
1611,2803
1611,2804
1611,2805
1611,2806
1611,2807
1611,2808
1611,2809
1611,2810
1611,2811
1611,2812
1611,2813
1611,2814
1611,2815
1611,2816
1611,2817
1611,2818
1611,2819
1611,2820
1611,2821
1611,2822
1611,2823
1611,2900
1611,2901
1611,2902
1611,2903
1611,2904
1611,2905
1611,2906
1611,2907
1611,2908
1611,2909
1611,2910
1611,2911
1611,2912
1611,2913
1611,2914
1611,2915
1611,2916
1611,2917
1611,2918
1611,2919
1611,2920
1611,2921
1611,2922
1611,2923
1611,3000
1611,3001
1611,3002
1611,3003
1611,3004
1611,3005
1611,3006
1611,3007
1611,3008
1611,3009
1611,3010
1611,3011
1611,3012
1611,3013
1611,3014
1611,3015
1611,3016
1611,3017
1611,3018
1611,3019
1611,3020
1611,3021
1611,3022
1611,3023
1612,0100
1612,0101
1612,0102
1612,0103
1612,0104
1612,0105
1612,0106
1612,0107
1612,0108
1612,0109
1612,0110
1612,0111
1612,0112
1612,0113
1612,0114
1612,0115
1612,0116
1612,0117
1612,0118
1612,0119
1612,0120
1612,0121
1612,0122
1612,0123
1612,0200
1612,0201
1612,0202
1612,0203
1612,0204
1612,0205
1612,0206
1612,0207
1612,0208
1612,0209
1612,0210
1612,0211
1612,0212
1612,0213
1612,0214
1612,0215
1612,0216
1612,0217
1612,0218
1612,0219
1612,0220
1612,0221
1612,0222
1612,0223
1612,0300
1612,0301
1612,0302
1612,0303
1612,0304
1612,0305
1612,0306
1612,0307
1612,0308
1612,0309
1612,0310
1612,0311
1612,0312
1612,0313
1612,0314
1612,0315
1612,0316
1612,0317
1612,0318
1612,0319
1612,0320
1612,0321
1612,0322
1612,0323
1612,0400
1612,0401
1612,0402
1612,0403
1612,0404
1612,0405
1612,0406
1612,0407
1612,0408
1612,0409
1612,0410
1612,0411
1612,0412
1612,0413
1612,0414
1612,0415
1612,0416
1612,0417
1612,0418
1612,0419
1612,0420
1612,0421
1612,0422
1612,0423
1612,0500
1612,0501
1612,0502
1612,0503
1612,0504
1612,0505
1612,0506
1612,0507
1612,0508
1612,0509
1612,0510
1612,0511
1612,0512
1612,0513
1612,0514
1612,0515
1612,0516
1612,0517
1612,0518
1612,0519
1612,0520
1612,0521
1612,0522
1612,0523
1612,0600
1612,0601
1612,0602
1612,0603
1612,0604
1612,0605
1612,0606
1612,0607
1612,0608
1612,0609
1612,0610
1612,0611
1612,0612
1612,0613
1612,0614
1612,0615
1612,0616
1612,0617
1612,0618
1612,0619
1612,0620
1612,0621
1612,0622
1612,0623
1612,0700
1612,0701
1612,0702
1612,0703
1612,0704
1612,0705
1612,0706
1612,0707
1612,0708
1612,0709
1612,0710
1612,0711
1612,0712
1612,0713
1612,0714
1612,0715
1612,0716
1612,0717
1612,0718
1612,0719
1612,0720
1612,0721
1612,0722
1612,0723
1612,0800
1612,0801
1612,0802
1612,0803
1612,0804
1612,0805
1612,0806
1612,0807
1612,0808
1612,0809
1612,0810
1612,0811
1612,0812
1612,0813
1612,0814
1612,0815
1612,0816
1612,0817
1612,0818
1612,0819
1612,0820
1612,0821
1612,0822
1612,0823
1612,0900
1612,0901
1612,0902
1612,0903
1612,0904
1612,0905
1612,0906
1612,0907
1612,0908
1612,0909
1612,0910
1612,0911
1612,0912
1612,0913
1612,0914
1612,0915
1612,0916
1612,0917
1612,0918
1612,0919
1612,0920
1612,0921
1612,0922
1612,0923
1612,1000
1612,1001
1612,1002
1612,1003
1612,1004
1612,1005
1612,1006
1612,1007
1612,1008
1612,1009
1612,1010
1612,1011
1612,1012
1612,1013
1612,1014
1612,1015
1612,1016
1612,1017
1612,1018
1612,1019
1612,1020
1612,1021
1612,1022
1612,1023
1612,1100
1612,1101
1612,1102
1612,1103
1612,1104
1612,1105
1612,1106
1612,1107
1612,1108
1612,1109
1612,1110
1612,1111
1612,1112
1612,1113
1612,1114
1612,1115
1612,1116
1612,1117
1612,1118
1612,1119
1612,1120
1612,1121
1612,1122
1612,1123
1612,1200
1612,1201
1612,1202
1612,1203
1612,1204
1612,1205
1612,1206
1612,1207
1612,1208
1612,1209
1612,1210
1612,1211
1612,1212
1612,1213
1612,1214
1612,1215
1612,1216
1612,1217
1612,1218
1612,1219
1612,1220
1612,1221
1612,1222
1612,1223
1612,1300
1612,1301
1612,1302
1612,1303
1612,1304
1612,1305
1612,1306
1612,1307
1612,1308
1612,1309
1612,1310
1612,1311
1612,1312
1612,1313
1612,1314
1612,1315
1612,1316
1612,1317
1612,1318
1612,1319
1612,1320
1612,1321
1612,1322
1612,1323
1612,1400
1612,1401
1612,1402
1612,1403
1612,1404
1612,1405
1612,1406
1612,1407
1612,1408
1612,1409
1612,1410
1612,1411
1612,1412
1612,1413
1612,1414
1612,1415
1612,1416
1612,1417
1612,1418
1612,1419
1612,1420
1612,1421
1612,1422
1612,1423
1612,1500
1612,1501
1612,1502
1612,1503
1612,1504
1612,1505
1612,1506
1612,1507
1612,1508
1612,1509
1612,1510
1612,1511
1612,1512
1612,1513
1612,1514
1612,1515
1612,1516
1612,1517
1612,1518
1612,1519
1612,1520
1612,1521
1612,1522
1612,1523
1612,1600
1612,1601
1612,1602
1612,1603
1612,1604
1612,1605
1612,1606
1612,1607
1612,1608
1612,1609
1612,1610
1612,1611
1612,1612
1612,1613
1612,1614
1612,1615
1612,1616
1612,1617
1612,1618
1612,1619
1612,1620
1612,1621
1612,1622
1612,1623
1612,1700
1612,1701
1612,1702
1612,1703
1612,1704
1612,1705
1612,1706
1612,1707
1612,1708
1612,1709
1612,1710
1612,1711
1612,1712
1612,1713
1612,1714
1612,1715
1612,1716
1612,1717
1612,1718
1612,1719
1612,1720
1612,1721
1612,1722
1612,1723
1612,1800
1612,1801
1612,1802
1612,1803
1612,1804
1612,1805
1612,1806
1612,1807
1612,1808
1612,1809
1612,1810
1612,1811
1612,1812
1612,1813
1612,1814
1612,1815
1612,1816
1612,1817
1612,1818
1612,1819
1612,1820
1612,1821
1612,1822
1612,1823
1612,1900
1612,1901
1612,1902
1612,1903
1612,1904
1612,1905
1612,1906
1612,1907
1612,1908
1612,1909
1612,1910
1612,1911
1612,1912
1612,1913
1612,1914
1612,1915
1612,1916
1612,1917
1612,1918
1612,1919
1612,1920
1612,1921
1612,1922
1612,1923
1612,2000
1612,2001
1612,2002
1612,2003
1612,2004
1612,2005
1612,2006
1612,2007
1612,2008
1612,2009
1612,2010
1612,2011
1612,2012
1612,2013
1612,2014
1612,2015
1612,2016
1612,2017
1612,2018
1612,2019
1612,2020
1612,2021
1612,2022
1612,2023
1612,2100
1612,2101
1612,2102
1612,2103
1612,2104
1612,2105
1612,2106
1612,2107
1612,2108
1612,2109
1612,2110
1612,2111
1612,2112
1612,2113
1612,2114
1612,2115
1612,2116
1612,2117
1612,2118
1612,2119
1612,2120
1612,2121
1612,2122
1612,2123
1612,2200
1612,2201
1612,2202
1612,2203
1612,2204
1612,2205
1612,2206
1612,2207
1612,2208
1612,2209
1612,2210
1612,2211
1612,2212
1612,2213
1612,2214
1612,2215
1612,2216
1612,2217
1612,2218
1612,2219
1612,2220
1612,2221
1612,2222
1612,2223
1612,2300
1612,2301
1612,2302
1612,2303
1612,2304
1612,2305
1612,2306
1612,2307
1612,2308
1612,2309
1612,2310
1612,2311
1612,2312
1612,2313
1612,2314
1612,2315
1612,2316
1612,2317
1612,2318
1612,2319
1612,2320
1612,2321
1612,2322
1612,2323
1612,2400
1612,2401
1612,2402
1612,2403
1612,2404
1612,2405
1612,2406
1612,2407
1612,2408
1612,2409
1612,2410
1612,2411
1612,2412
1612,2413
1612,2414
1612,2415
1612,2416
1612,2417
1612,2418
1612,2419
1612,2420
1612,2421
1612,2422
1612,2423
1612,2500
1612,2501
1612,2502
1612,2503
1612,2504
1612,2505
1612,2506
1612,2507
1612,2508
1612,2509
1612,2510
1612,2511
1612,2512
1612,2513
1612,2514
1612,2515
1612,2516
1612,2517
1612,2518
1612,2519
1612,2520
1612,2521
1612,2522
1612,2523
1612,2600
1612,2601
1612,2602
1612,2603
1612,2604
1612,2605
1612,2606
1612,2607
1612,2608
1612,2609
1612,2610
1612,2611
1612,2612
1612,2613
1612,2614
1612,2615
1612,2616
1612,2617
1612,2618
1612,2619
1612,2620
1612,2621
1612,2622
1612,2623
1612,2700
1612,2701
1612,2702
1612,2703
1612,2704
1612,2705
1612,2706
1612,2707
1612,2708
1612,2709
1612,2710
1612,2711
1612,2712
1612,2713
1612,2714
1612,2715
1612,2716
1612,2717
1612,2718
1612,2719
1612,2720
1612,2721
1612,2722
1612,2723
1612,2800
1612,2801
1612,2802
1612,2803
1612,2804
1612,2805
1612,2806
1612,2807
1612,2808
1612,2809
1612,2810
1612,2811
1612,2812
1612,2813
1612,2814
1612,2815
1612,2816
1612,2817
1612,2818
1612,2819
1612,2820
1612,2821
1612,2822
1612,2823
1612,2900
1612,2901
1612,2902
1612,2903
1612,2904
1612,2905
1612,2906
1612,2907
1612,2908
1612,2909
1612,2910
1612,2911
1612,2912
1612,2913
1612,2914
1612,2915
1612,2916
1612,2917
1612,2918
1612,2919
1612,2920
1612,2921
1612,2922
1612,2923
1612,3000
1612,3001
1612,3002
1612,3003
1612,3004
1612,3005
1612,3006
1612,3007
1612,3008
1612,3009
1612,3010
1612,3011
1612,3012
1612,3013
1612,3014
1612,3015
1612,3016
1612,3017
1612,3018
1612,3019
1612,3020
1612,3021
1612,3022
1612,3023
1612,3100
1612,3101
1612,3102
1612,3103
1612,3104
1612,3105
1612,3106
1612,3107
1612,3108
1612,3109
1612,3110
1612,3111
1612,3112
1612,3113
1612,3114
1612,3115
1612,3116
1612,3117
1612,3118
1612,3119
1612,3120
1612,3121
1612,3122
1612,3123
1701,0100
1701,0101
1701,0102
1701,0103
1701,0104
1701,0105
1701,0106
1701,0107
1701,0108
1701,0109
1701,0110
1701,0111
1701,0112
1701,0113
1701,0114
1701,0115
1701,0116
1701,0117
1701,0118
1701,0119
1701,0120
1701,0121
1701,0122
1701,0123
1701,0200
1701,0201
1701,0202
1701,0203
1701,0204
1701,0205
1701,0206
1701,0207
1701,0208
1701,0209
1701,0210
1701,0211
1701,0212
1701,0213
1701,0214
1701,0215
1701,0216
1701,0217
1701,0218
1701,0219
1701,0220
1701,0221
1701,0222
1701,0223
1701,0300
1701,0301
1701,0302
1701,0303
1701,0304
1701,0305
1701,0306
1701,0307
1701,0308
1701,0309
1701,0310
1701,0311
1701,0312
1701,0313
1701,0314
1701,0315
1701,0316
1701,0317
1701,0318
1701,0319
1701,0320
1701,0321
1701,0322
1701,0323
1701,0400
1701,0401
1701,0402
1701,0403
1701,0404
1701,0405
1701,0406
1701,0407
1701,0408
1701,0409
1701,0410
1701,0411
1701,0412
1701,0413
1701,0414
1701,0415
1701,0416
1701,0417
1701,0418
1701,0419
1701,0420
1701,0421
1701,0422
1701,0423
1701,0500
1701,0501
1701,0502
1701,0503
1701,0504
1701,0505
1701,0506
1701,0507
1701,0508
1701,0509
1701,0510
1701,0511
1701,0512
1701,0513
1701,0514
1701,0515
1701,0516
1701,0517
1701,0518
1701,0519
1701,0520
1701,0521
1701,0522
1701,0523
1701,0600
1701,0601
1701,0602
1701,0603
1701,0604
1701,0605
1701,0606
1701,0607
1701,0608
1701,0609
1701,0610
1701,0611
1701,0612
1701,0613
1701,0614
1701,0615
1701,0616
1701,0617
1701,0618
1701,0619
1701,0620
1701,0621
1701,0622
1701,0623
1701,0700
1701,0701
1701,0702
1701,0703
1701,0704
1701,0705
1701,0706
1701,0707
1701,0708
1701,0709
1701,0710
1701,0711
1701,0712
1701,0713
1701,0714
1701,0715
1701,0716
1701,0717
1701,0718
1701,0719
1701,0720
1701,0721
1701,0722
1701,0723
1701,0800
1701,0801
1701,0802
1701,0803
1701,0804
1701,0805
1701,0806
1701,0807
1701,0808
1701,0809
1701,0810
1701,0811
1701,0812
1701,0813
1701,0814
1701,0815
1701,0816
1701,0817
1701,0818
1701,0819
1701,0820
1701,0821
1701,0822
1701,0823
1701,0900
1701,0901
1701,0902
1701,0903
1701,0904
1701,0905
1701,0906
1701,0907
1701,0908
1701,0909
1701,0910
1701,0911
1701,0912
1701,0913
1701,0914
1701,0915
1701,0916
1701,0917
1701,0918
1701,0919
1701,0920
1701,0921
1701,0922
1701,0923
1701,1000
1701,1001
1701,1002
1701,1003
1701,1004
1701,1005
1701,1006
1701,1007
1701,1008
1701,1009
1701,1010
1701,1011
1701,1012
1701,1013
1701,1014
1701,1015
1701,1016
1701,1017
1701,1018
1701,1019
1701,1020
1701,1021
1701,1022
1701,1023
1701,1100
1701,1101
1701,1102
1701,1103
1701,1104
1701,1105
1701,1106
1701,1107
1701,1108
1701,1109
1701,1110
1701,1111
1701,1112
1701,1113
1701,1114
1701,1115
1701,1116
1701,1117
1701,1118
1701,1119
1701,1120
1701,1121
1701,1122
1701,1123
1701,1200
1701,1201
1701,1202
1701,1203
1701,1204
1701,1205
1701,1206
1701,1207
1701,1208
1701,1209
1701,1210
1701,1211
1701,1212
1701,1213
1701,1214
1701,1215
1701,1216
1701,1217
1701,1218
1701,1219
1701,1220
1701,1221
1701,1222
1701,1223
1701,1300
1701,1301
1701,1302
1701,1303
1701,1304
1701,1305
1701,1306
1701,1307
1701,1308
1701,1309
1701,1310
1701,1311
1701,1312
1701,1313
1701,1314
1701,1315
1701,1316
1701,1317
1701,1318
1701,1319
1701,1320
1701,1321
1701,1322
1701,1323
1701,1400
1701,1401
1701,1402
1701,1403
1701,1404
1701,1405
1701,1406
1701,1407
1701,1408
1701,1409
1701,1410
1701,1411
1701,1412
1701,1413
1701,1414
1701,1415
1701,1416
1701,1417
1701,1418
1701,1419
1701,1420
1701,1421
1701,1422
1701,1423
1701,1500
1701,1501
1701,1502
1701,1503
1701,1504
1701,1505
1701,1506
1701,1507
1701,1508
1701,1509
1701,1510
1701,1511
1701,1512
1701,1513
1701,1514
1701,1515
1701,1516
1701,1517
1701,1518
1701,1519
1701,1520
1701,1521
1701,1522
1701,1523
1701,1600
1701,1601
1701,1602
1701,1603
1701,1604
1701,1605
1701,1606
1701,1607
1701,1608
1701,1609
1701,1610
1701,1611
1701,1612
1701,1613
1701,1614
1701,1615
1701,1616
1701,1617
1701,1618
1701,1619
1701,1620
1701,1621
1701,1622
1701,1623
1701,1700
1701,1701
1701,1702
1701,1703
1701,1704
1701,1705
1701,1706
1701,1707
1701,1708
1701,1709
1701,1710
1701,1711
1701,1712
1701,1713
1701,1714
1701,1715
1701,1716
1701,1717
1701,1718
1701,1719
1701,1720
1701,1721
1701,1722
1701,1723
1701,1800
1701,1801
1701,1802
1701,1803
1701,1804
1701,1805
1701,1806
1701,1807
1701,1808
1701,1809
1701,1810
1701,1811
1701,1812
1701,1813
1701,1814
1701,1815
1701,1816
1701,1817
1701,1818
1701,1819
1701,1820
1701,1821
1701,1822
1701,1823
1701,1900
1701,1901
1701,1902
1701,1903
1701,1904
1701,1905
1701,1906
1701,1907
1701,1908
1701,1909
1701,1910
1701,1911
1701,1912
1701,1913
1701,1914
1701,1915
1701,1916
1701,1917
1701,1918
1701,1919
1701,1920
1701,1921
1701,1922
1701,1923
1701,2000
1701,2001
1701,2002
1701,2003
1701,2004
1701,2005
1701,2006
1701,2007
1701,2008
1701,2009
1701,2010
1701,2011
1701,2012
1701,2013
1701,2014
1701,2015
1701,2016
1701,2017
1701,2018
1701,2019
1701,2020
1701,2021
1701,2022
1701,2023
1701,2100
1701,2101
1701,2102
1701,2103
1701,2104
1701,2105
1701,2106
1701,2107
1701,2108
1701,2109
1701,2110
1701,2111
1701,2112
1701,2113
1701,2114
1701,2115
1701,2116
1701,2117
1701,2118
1701,2119
1701,2120
1701,2121
1701,2122
1701,2123
1701,2200
1701,2201
1701,2202
1701,2203
1701,2204
1701,2205
1701,2206
1701,2207
1701,2208
1701,2209
1701,2210
1701,2211
1701,2212
1701,2213
1701,2214
1701,2215
1701,2216
1701,2217
1701,2218
1701,2219
1701,2220
1701,2221
1701,2222
1701,2223
1701,2300
1701,2301
1701,2302
1701,2303
1701,2304
1701,2305
1701,2306
1701,2307
1701,2308
1701,2309
1701,2310
1701,2311
1701,2312
1701,2313
1701,2314
1701,2315
1701,2316
1701,2317
1701,2318
1701,2319
1701,2320
1701,2321
1701,2322
1701,2323
1701,2400
1701,2401
1701,2402
1701,2403
1701,2404
1701,2405
1701,2406
1701,2407
1701,2408
1701,2409
1701,2410
1701,2411
1701,2412
1701,2413
1701,2414
1701,2415
1701,2416
1701,2417
1701,2418
1701,2419
1701,2420
1701,2421
1701,2422
1701,2423
1701,2500
1701,2501
1701,2502
1701,2503
1701,2504
1701,2505
1701,2506
1701,2507
1701,2508
1701,2509
1701,2510
1701,2511
1701,2512
1701,2513
1701,2514
1701,2515
1701,2516
1701,2517
1701,2518
1701,2519
1701,2520
1701,2521
1701,2522
1701,2523
1701,2600
1701,2601
1701,2602
1701,2603
1701,2604
1701,2605
1701,2606
1701,2607
1701,2608
1701,2609
1701,2610
1701,2611
1701,2612
1701,2613
1701,2614
1701,2615
1701,2616
1701,2617
1701,2618
1701,2619
1701,2620
1701,2621
1701,2622
1701,2623
1701,2700
1701,2701
1701,2702
1701,2703
1701,2704
1701,2705
1701,2706
1701,2707
1701,2708
1701,2709
1701,2710
1701,2711
1701,2712
1701,2713
1701,2714
1701,2715
1701,2716
1701,2717
1701,2718
1701,2719
1701,2720
1701,2721
1701,2722
1701,2723
1701,2800
1701,2801
1701,2802
1701,2803
1701,2804
1701,2805
1701,2806
1701,2807
1701,2808
1701,2809
1701,2810
1701,2811
1701,2812
1701,2813
1701,2814
1701,2815
1701,2816
1701,2817
1701,2818
1701,2819
1701,2820
1701,2821
1701,2822
1701,2823
1701,2900
1701,2901
1701,2902
1701,2903
1701,2904
1701,2905
1701,2906
1701,2907
1701,2908
1701,2909
1701,2910
1701,2911
1701,2912
1701,2913
1701,2914
1701,2915
1701,2916
1701,2917
1701,2918
1701,2919
1701,2920
1701,2921
1701,2922
1701,2923
1701,3000
1701,3001
1701,3002
1701,3003
1701,3004
1701,3005
1701,3006
1701,3007
1701,3008
1701,3009
1701,3010
1701,3011
1701,3012
1701,3013
1701,3014
1701,3015
1701,3016
1701,3017
1701,3018
1701,3019
1701,3020
1701,3021
1701,3022
1701,3023
1701,3100
1701,3101
1701,3102
1701,3103
1701,3104
1701,3105
1701,3106
1701,3107
1701,3108
1701,3109
1701,3110
1701,3111
1701,3112
1701,3113
1701,3114
1701,3115
1701,3116
1701,3117
1701,3118
1701,3119
1701,3120
1701,3121
1701,3122
1701,3123
1702,0100
1702,0101
1702,0102
1702,0103
1702,0104
1702,0105
1702,0106
1702,0107
1702,0108
1702,0109
1702,0110
1702,0111
1702,0112
1702,0113
1702,0114
1702,0115
1702,0116
1702,0117
1702,0118
1702,0119
1702,0120
1702,0121
1702,0122
1702,0123
1702,0200
1702,0201
1702,0202
1702,0203
1702,0204
1702,0205
1702,0206
1702,0207
1702,0208
1702,0209
1702,0210
1702,0211
1702,0212
1702,0213
1702,0214
1702,0215
1702,0216
1702,0217
1702,0218
1702,0219
1702,0220
1702,0221
1702,0222
1702,0223
1702,0300
1702,0301
1702,0302
1702,0303
1702,0304
1702,0305
1702,0306
1702,0307
1702,0308
1702,0309
1702,0310
1702,0311
1702,0312
1702,0313
1702,0314
1702,0315
1702,0316
1702,0317
1702,0318
1702,0319
1702,0320
1702,0321
1702,0322
1702,0323
1702,0400
1702,0401
1702,0402
1702,0403
1702,0404
1702,0405
1702,0406
1702,0407
1702,0408
1702,0409
1702,0410
1702,0411
1702,0412
1702,0413
1702,0414
1702,0415
1702,0416
1702,0417
1702,0418
1702,0419
1702,0420
1702,0421
1702,0422
1702,0423
1702,0500
1702,0501
1702,0502
1702,0503
1702,0504
1702,0505
1702,0506
1702,0507
1702,0508
1702,0509
1702,0510
1702,0511
1702,0512
1702,0513
1702,0514
1702,0515
1702,0516
1702,0517
1702,0518
1702,0519
1702,0520
1702,0521
1702,0522
1702,0523
1702,0600
1702,0601
1702,0602
1702,0603
1702,0604
1702,0605
1702,0606
1702,0607
1702,0608
1702,0609
1702,0610
1702,0611
1702,0612
1702,0613
1702,0614
1702,0615
1702,0616
1702,0617
1702,0618
1702,0619
1702,0620
1702,0621
1702,0622
1702,0623
1702,0700
1702,0701
1702,0702
1702,0703
1702,0704
1702,0705
1702,0706
1702,0707
1702,0708
1702,0709
1702,0710
1702,0711
1702,0712
1702,0713
1702,0714
1702,0715
1702,0716
1702,0717
1702,0718
1702,0719
1702,0720
1702,0721
1702,0722
1702,0723
1702,0800
1702,0801
1702,0802
1702,0803
1702,0804
1702,0805
1702,0806
1702,0807
1702,0808
1702,0809
1702,0810
1702,0811
1702,0812
1702,0813
1702,0814
1702,0815
1702,0816
1702,0817
1702,0818
1702,0819
1702,0820
1702,0821
1702,0822
1702,0823
1702,0900
1702,0901
1702,0902
1702,0903
1702,0904
1702,0905
1702,0906
1702,0907
1702,0908
1702,0909
1702,0910
1702,0911
1702,0912
1702,0913
1702,0914
1702,0915
1702,0916
1702,0917
1702,0918
1702,0919
1702,0920
1702,0921
1702,0922
1702,0923
1702,1000
1702,1001
1702,1002
1702,1003
1702,1004
1702,1005
1702,1006
1702,1007
1702,1008
1702,1009
1702,1010
1702,1011
1702,1012
1702,1013
1702,1014
1702,1015
1702,1016
1702,1017
1702,1018
1702,1019
1702,1020
1702,1021
1702,1022
1702,1023
1702,1100
1702,1101
1702,1102
1702,1103
1702,1104
1702,1105
1702,1106
1702,1107
1702,1108
1702,1109
1702,1110
1702,1111
1702,1112
1702,1113
1702,1114
1702,1115
1702,1116
1702,1117
1702,1118
1702,1119
1702,1120
1702,1121
1702,1122
1702,1123
1702,1200
1702,1201
1702,1202
1702,1203
1702,1204
1702,1205
1702,1206
1702,1207
1702,1208
1702,1209
1702,1210
1702,1211
1702,1212
1702,1213
1702,1214
1702,1215
1702,1216
1702,1217
1702,1218
1702,1219
1702,1220
1702,1221
1702,1222
1702,1223
1702,1300
1702,1301
1702,1302
1702,1303
1702,1304
1702,1305
1702,1306
1702,1307
1702,1308
1702,1309
1702,1310
1702,1311
1702,1312
1702,1313
1702,1314
1702,1315
1702,1316
1702,1317
1702,1318
1702,1319
1702,1320
1702,1321
1702,1322
1702,1323
1702,1400
1702,1401
1702,1402
1702,1403
1702,1404
1702,1405
1702,1406
1702,1407
1702,1408
1702,1409
1702,1410
1702,1411
1702,1412
1702,1413
1702,1414
1702,1415
1702,1416
1702,1417
1702,1418
1702,1419
1702,1420
1702,1421
1702,1422
1702,1423
1702,1500
1702,1501
1702,1502
1702,1503
1702,1504
1702,1505
1702,1506
1702,1507
1702,1508
1702,1509
1702,1510
1702,1511
1702,1512
1702,1513
1702,1514
1702,1515
1702,1516
1702,1517
1702,1518
1702,1519
1702,1520
1702,1521
1702,1522
1702,1523
1702,1600
1702,1601
1702,1602
1702,1603
1702,1604
1702,1605
1702,1606
1702,1607
1702,1608
1702,1609
1702,1610
1702,1611
1702,1612
1702,1613
1702,1614
1702,1615
1702,1616
1702,1617
1702,1618
1702,1619
1702,1620
1702,1621
1702,1622
1702,1623
1702,1700
1702,1701
1702,1702
1702,1703
1702,1704
1702,1705
1702,1706
1702,1707
1702,1708
1702,1709
1702,1710
1702,1711
1702,1712
1702,1713
1702,1714
1702,1715
1702,1716
1702,1717
1702,1718
1702,1719
1702,1720
1702,1721
1702,1722
1702,1723
1702,1800
1702,1801
1702,1802
1702,1803
1702,1804
1702,1805
1702,1806
1702,1807
1702,1808
1702,1809
1702,1810
1702,1811
1702,1812
1702,1813
1702,1814
1702,1815
1702,1816
1702,1817
1702,1818
1702,1819
1702,1820
1702,1821
1702,1822
1702,1823
1702,1900
1702,1901
1702,1902
1702,1903
1702,1904
1702,1905
1702,1906
1702,1907
1702,1908
1702,1909
1702,1910
1702,1911
1702,1912
1702,1913
1702,1914
1702,1915
1702,1916
1702,1917
1702,1918
1702,1919
1702,1920
1702,1921
1702,1922
1702,1923
1702,2000
1702,2001
1702,2002
1702,2003
1702,2004
1702,2005
1702,2006
1702,2007
1702,2008
1702,2009
1702,2010
1702,2011
1702,2012
1702,2013
1702,2014
1702,2015
1702,2016
1702,2017
1702,2018
1702,2019
1702,2020
1702,2021
1702,2022
1702,2023
1702,2100
1702,2101
1702,2102
1702,2103
1702,2104
1702,2105
1702,2106
1702,2107
1702,2108
1702,2109
1702,2110
1702,2111
1702,2112
1702,2113
1702,2114
1702,2115
1702,2116
1702,2117
1702,2118
1702,2119
1702,2120
1702,2121
1702,2122
1702,2123
1702,2200
1702,2201
1702,2202
1702,2203
1702,2204
1702,2205
1702,2206
1702,2207
1702,2208
1702,2209
1702,2210
1702,2211
1702,2212
1702,2213
1702,2214
1702,2215
1702,2216
1702,2217
1702,2218
1702,2219
1702,2220
1702,2221
1702,2222
1702,2223
1702,2300
1702,2301
1702,2302
1702,2303
1702,2304
1702,2305
1702,2306
1702,2307
1702,2308
1702,2309
1702,2310
1702,2311
1702,2312
1702,2313
1702,2314
1702,2315
1702,2316
1702,2317
1702,2318
1702,2319
1702,2320
1702,2321
1702,2322
1702,2323
1702,2400
1702,2401
1702,2402
1702,2403
1702,2404
1702,2405
1702,2406
1702,2407
1702,2408
1702,2409
1702,2410
1702,2411
1702,2412
1702,2413
1702,2414
1702,2415
1702,2416
1702,2417
1702,2418
1702,2419
1702,2420
1702,2421
1702,2422
1702,2423
1702,2500
1702,2501
1702,2502
1702,2503
1702,2504
1702,2505
1702,2506
1702,2507
1702,2508
1702,2509
1702,2510
1702,2511
1702,2512
1702,2513
1702,2514
1702,2515
1702,2516
1702,2517
1702,2518
1702,2519
1702,2520
1702,2521
1702,2522
1702,2523
1702,2600
1702,2601
1702,2602
1702,2603
1702,2604
1702,2605
1702,2606
1702,2607
1702,2608
1702,2609
1702,2610
1702,2611
1702,2612
1702,2613
1702,2614
1702,2615
1702,2616
1702,2617
1702,2618
1702,2619
1702,2620
1702,2621
1702,2622
1702,2623
1702,2700
1702,2701
1702,2702
1702,2703
1702,2704
1702,2705
1702,2706
1702,2707
1702,2708
1702,2709
1702,2710
1702,2711
1702,2712
1702,2713
1702,2714
1702,2715
1702,2716
1702,2717
1702,2718
1702,2719
1702,2720
1702,2721
1702,2722
1702,2723
1702,2800
1702,2801
1702,2802
1702,2803
1702,2804
1702,2805
1702,2806
1702,2807
1702,2808
1702,2809
1702,2810
1702,2811
1702,2812
1702,2813
1702,2814
1702,2815
1702,2816
1702,2817
1702,2818
1702,2819
1702,2820
1702,2821
1702,2822
1702,2823
1703,0100
1703,0101
1703,0102
1703,0103
1703,0104
1703,0105
1703,0106
1703,0107
1703,0108
1703,0109
1703,0110
1703,0111
1703,0112
1703,0113
1703,0114
1703,0115
1703,0116
1703,0117
1703,0118
1703,0119
1703,0120
1703,0121
1703,0122
1703,0123
1703,0200
1703,0201
1703,0202
1703,0203
1703,0204
1703,0205
1703,0206
1703,0207
1703,0208
1703,0209
1703,0210
1703,0211
1703,0212
1703,0213
1703,0214
1703,0215
1703,0216
1703,0217
1703,0218
1703,0219
1703,0220
1703,0221
1703,0222
1703,0223
1703,0300
1703,0301
1703,0302
1703,0303
1703,0304
1703,0305
1703,0306
1703,0307
1703,0308
1703,0309
1703,0310
1703,0311
1703,0312
1703,0313
1703,0314
1703,0315
1703,0316
1703,0317
1703,0318
1703,0319
1703,0320
1703,0321
1703,0322
1703,0323
1703,0400
1703,0401
1703,0402
1703,0403
1703,0404
1703,0405
1703,0406
1703,0407
1703,0408
1703,0409
1703,0410
1703,0411
1703,0412
1703,0413
1703,0414
1703,0415
1703,0416
1703,0417
1703,0418
1703,0419
1703,0420
1703,0421
1703,0422
1703,0423
1703,0500
1703,0501
1703,0502
1703,0503
1703,0504
1703,0505
1703,0506
1703,0507
1703,0508
1703,0509
1703,0510
1703,0511
1703,0512
1703,0513
1703,0514
1703,0515
1703,0516
1703,0517
1703,0518
1703,0519
1703,0520
1703,0521
1703,0522
1703,0523
1703,0600
1703,0601
1703,0602
1703,0603
1703,0604
1703,0605
1703,0606
1703,0607
1703,0608
1703,0609
1703,0610
1703,0611
1703,0612
1703,0613
1703,0614
1703,0615
1703,0616
1703,0617
1703,0618
1703,0619
1703,0620
1703,0621
1703,0622
1703,0623
1703,0700
1703,0701
1703,0702
1703,0703
1703,0704
1703,0705
1703,0706
1703,0707
1703,0708
1703,0709
1703,0710
1703,0711
1703,0712
1703,0713
1703,0714
1703,0715
1703,0716
1703,0717
1703,0718
1703,0719
1703,0720
1703,0721
1703,0722
1703,0723
1703,0800
1703,0801
1703,0802
1703,0803
1703,0804
1703,0805
1703,0806
1703,0807
1703,0808
1703,0809
1703,0810
1703,0811
1703,0812
1703,0813
1703,0814
1703,0815
1703,0816
1703,0817
1703,0818
1703,0819
1703,0820
1703,0821
1703,0822
1703,0823
1703,0900
1703,0901
1703,0902
1703,0903
1703,0904
1703,0905
1703,0906
1703,0907
1703,0908
1703,0909
1703,0910
1703,0911
1703,0912
1703,0913
1703,0914
1703,0915
1703,0916
1703,0917
1703,0918
1703,0919
1703,0920
1703,0921
1703,0922
1703,0923
1703,1000
1703,1001
1703,1002
1703,1003
1703,1004
1703,1005
1703,1006
1703,1007
1703,1008
1703,1009
1703,1010
1703,1011
1703,1012
1703,1013
1703,1014
1703,1015
1703,1016
1703,1017
1703,1018
1703,1019
1703,1020
1703,1021
1703,1022
1703,1023
1703,1100
1703,1101
1703,1102
1703,1103
1703,1104
1703,1105
1703,1106
1703,1107
1703,1108
1703,1109
1703,1110
1703,1111
1703,1112
1703,1113
1703,1114
1703,1115
1703,1116
1703,1117
1703,1118
1703,1119
1703,1120
1703,1121
1703,1122
1703,1123
1703,1200
1703,1201
1703,1202
1703,1203
1703,1204
1703,1205
1703,1206
1703,1207
1703,1208
1703,1209
1703,1210
1703,1211
1703,1212
1703,1213
1703,1214
1703,1215
1703,1216
1703,1217
1703,1218
1703,1219
1703,1220
1703,1221
1703,1222
1703,1223
1703,1300
1703,1301
1703,1302
1703,1303
1703,1304
1703,1305
1703,1306
1703,1307
1703,1308
1703,1309
1703,1310
1703,1311
1703,1312
1703,1313
1703,1314
1703,1315
1703,1316
1703,1317
1703,1318
1703,1319
1703,1320
1703,1321
1703,1322
1703,1323
1703,1400
1703,1401
1703,1402
1703,1403
1703,1404
1703,1405
1703,1406
1703,1407
1703,1408
1703,1409
1703,1410
1703,1411
1703,1412
1703,1413
1703,1414
1703,1415
1703,1416
1703,1417
1703,1418
1703,1419
1703,1420
1703,1421
1703,1422
1703,1423
1703,1500
1703,1501
1703,1502
1703,1503
1703,1504
1703,1505
1703,1506
1703,1507
1703,1508
1703,1509
1703,1510
1703,1511
1703,1512
1703,1513
1703,1514
1703,1515
1703,1516
1703,1517
1703,1518
1703,1519
1703,1520
1703,1521
1703,1522
1703,1523
1703,1600
1703,1601
1703,1602
1703,1603
1703,1604
1703,1605
1703,1606
1703,1607
1703,1608
1703,1609
1703,1610
1703,1611
1703,1612
1703,1613
1703,1614
1703,1615
1703,1616
1703,1617
1703,1618
1703,1619
1703,1620
1703,1621
1703,1622
1703,1623
1703,1700
1703,1701
1703,1702
1703,1703
1703,1704
1703,1705
1703,1706
1703,1707
1703,1708
1703,1709
1703,1710
1703,1711
1703,1712
1703,1713
1703,1714
1703,1715
1703,1716
1703,1717
1703,1718
1703,1719
1703,1720
1703,1721
1703,1722
1703,1723
1703,1800
1703,1801
1703,1802
1703,1803
1703,1804
1703,1805
1703,1806
1703,1807
1703,1808
1703,1809
1703,1810
1703,1811
1703,1812
1703,1813
1703,1814
1703,1815
1703,1816
1703,1817
1703,1818
1703,1819
1703,1820
1703,1821
1703,1822
1703,1823
1703,1900
1703,1901
1703,1902
1703,1903
1703,1904
1703,1905
1703,1906
1703,1907
1703,1908
1703,1909
1703,1910
1703,1911
1703,1912
1703,1913
1703,1914
1703,1915
1703,1916
1703,1917
1703,1918
1703,1919
1703,1920
1703,1921
1703,1922
1703,1923
1703,2000
1703,2001
1703,2002
1703,2003
1703,2004
1703,2005
1703,2006
1703,2007
1703,2008
1703,2009
1703,2010
1703,2011
1703,2012
1703,2013
1703,2014
1703,2015
1703,2016
1703,2017
1703,2018
1703,2019
1703,2020
1703,2021
1703,2022
1703,2023
1703,2100
1703,2101
1703,2102
1703,2103
1703,2104
1703,2105
1703,2106
1703,2107
1703,2108
1703,2109
1703,2110
1703,2111
1703,2112
1703,2113
1703,2114
1703,2115
1703,2116
1703,2117
1703,2118
1703,2119
1703,2120
1703,2121
1703,2122
1703,2123
1703,2200
1703,2201
1703,2202
1703,2203
1703,2204
1703,2205
1703,2206
1703,2207
1703,2208
1703,2209
1703,2210
1703,2211
1703,2212
1703,2213
1703,2214
1703,2215
1703,2216
1703,2217
1703,2218
1703,2219
1703,2220
1703,2221
1703,2222
1703,2223
1703,2300
1703,2301
1703,2302
1703,2303
1703,2304
1703,2305
1703,2306
1703,2307
1703,2308
1703,2309
1703,2310
1703,2311
1703,2312
1703,2313
1703,2314
1703,2315
1703,2316
1703,2317
1703,2318
1703,2319
1703,2320
1703,2321
1703,2322
1703,2323
1703,2400
1703,2401
1703,2402
1703,2403
1703,2404
1703,2405
1703,2406
1703,2407
1703,2408
1703,2409
1703,2410
1703,2411
1703,2412
1703,2413
1703,2414
1703,2415
1703,2416
1703,2417
1703,2418
1703,2419
1703,2420
1703,2421
1703,2422
1703,2423
1703,2500
1703,2501
1703,2502
1703,2503
1703,2504
1703,2505
1703,2506
1703,2507
1703,2508
1703,2509
1703,2510
1703,2511
1703,2512
1703,2513
1703,2514
1703,2515
1703,2516
1703,2517
1703,2518
1703,2519
1703,2520
1703,2521
1703,2522
1703,2523
1703,2600
1703,2601
1703,2602
1703,2604
1703,2605
1703,2606
1703,2607
1703,2608
1703,2609
1703,2610
1703,2611
1703,2612
1703,2613
1703,2614
1703,2615
1703,2616
1703,2617
1703,2618
1703,2619
1703,2620
1703,2621
1703,2622
1703,2623
1703,2700
1703,2701
1703,2702
1703,2703
1703,2704
1703,2705
1703,2706
1703,2707
1703,2708
1703,2709
1703,2710
1703,2711
1703,2712
1703,2713
1703,2714
1703,2715
1703,2716
1703,2717
1703,2718
1703,2719
1703,2720
1703,2721
1703,2722
1703,2723
1703,2800
1703,2801
1703,2802
1703,2803
1703,2804
1703,2805
1703,2806
1703,2807
1703,2808
1703,2809
1703,2810
1703,2811
1703,2812
1703,2813
1703,2814
1703,2815
1703,2816
1703,2817
1703,2818
1703,2819
1703,2820
1703,2821
1703,2822
1703,2823
1703,2900
1703,2901
1703,2902
1703,2903
1703,2904
1703,2905
1703,2906
1703,2907
1703,2908
1703,2909
1703,2910
1703,2911
1703,2912
1703,2913
1703,2914
1703,2915
1703,2916
1703,2917
1703,2918
1703,2919
1703,2920
1703,2921
1703,2922
1703,2923
1703,3000
1703,3001
1703,3002
1703,3003
1703,3004
1703,3005
1703,3006
1703,3007
1703,3008
1703,3009
1703,3010
1703,3011
1703,3012
1703,3013
1703,3014
1703,3015
1703,3016
1703,3017
1703,3018
1703,3019
1703,3020
1703,3021
1703,3022
1703,3023
1703,3100
1703,3101
1703,3102
1703,3103
1703,3104
1703,3105
1703,3106
1703,3107
1703,3108
1703,3109
1703,3110
1703,3111
1703,3112
1703,3113
1703,3114
1703,3115
1703,3116
1703,3117
1703,3118
1703,3119
1703,3120
1703,3121
1703,3122
1703,3123
1704,0100
1704,0101
1704,0102
1704,0103
1704,0104
1704,0105
1704,0106
1704,0107
1704,0108
1704,0109
1704,0110
1704,0111
1704,0112
1704,0113
1704,0114
1704,0115
1704,0116
1704,0117
1704,0118
1704,0119
1704,0120
1704,0121
1704,0122
1704,0123
1704,0200
1704,0201
1704,0202
1704,0203
1704,0204
1704,0205
1704,0206
1704,0207
1704,0208
1704,0209
1704,0210
1704,0211
1704,0212
1704,0213
1704,0214
1704,0215
1704,0216
1704,0217
1704,0218
1704,0219
1704,0220
1704,0221
1704,0222
1704,0223
1704,0300
1704,0301
1704,0302
1704,0303
1704,0304
1704,0305
1704,0306
1704,0307
1704,0308
1704,0309
1704,0310
1704,0311
1704,0312
1704,0313
1704,0314
1704,0315
1704,0316
1704,0317
1704,0318
1704,0319
1704,0320
1704,0321
1704,0322
1704,0323
1704,0400
1704,0401
1704,0402
1704,0403
1704,0404
1704,0405
1704,0406
1704,0407
1704,0408
1704,0409
1704,0410
1704,0411
1704,0412
1704,0413
1704,0414
1704,0415
1704,0416
1704,0417
1704,0418
1704,0419
1704,0420
1704,0421
1704,0422
1704,0423
1704,0500
1704,0501
1704,0502
1704,0503
1704,0504
1704,0505
1704,0506
1704,0507
1704,0508
1704,0509
1704,0510
1704,0511
1704,0512
1704,0513
1704,0514
1704,0515
1704,0516
1704,0517
1704,0518
1704,0519
1704,0520
1704,0521
1704,0522
1704,0523
1704,0600
1704,0601
1704,0602
1704,0603
1704,0604
1704,0605
1704,0606
1704,0607
1704,0608
1704,0609
1704,0610
1704,0611
1704,0612
1704,0613
1704,0614
1704,0615
1704,0616
1704,0617
1704,0618
1704,0619
1704,0620
1704,0621
1704,0622
1704,0623
1704,0700
1704,0701
1704,0702
1704,0703
1704,0704
1704,0705
1704,0706
1704,0707
1704,0708
1704,0709
1704,0710
1704,0711
1704,0712
1704,0713
1704,0714
1704,0715
1704,0716
1704,0717
1704,0718
1704,0719
1704,0720
1704,0721
1704,0722
1704,0723
1704,0800
1704,0801
1704,0802
1704,0803
1704,0804
1704,0805
1704,0806
1704,0807
1704,0808
1704,0809
1704,0810
1704,0811
1704,0812
1704,0813
1704,0814
1704,0815
1704,0816
1704,0817
1704,0818
1704,0819
1704,0820
1704,0821
1704,0822
1704,0823
1704,0900
1704,0901
1704,0902
1704,0903
1704,0904
1704,0905
1704,0906
1704,0907
1704,0908
1704,0909
1704,0910
1704,0911
1704,0912
1704,0913
1704,0914
1704,0915
1704,0916
1704,0917
1704,0918
1704,0919
1704,0920
1704,0921
1704,0922
1704,0923
1704,1000
1704,1001
1704,1002
1704,1003
1704,1004
1704,1005
1704,1006
1704,1007
1704,1008
1704,1009
1704,1010
1704,1011
1704,1012
1704,1013
1704,1014
1704,1015
1704,1016
1704,1017
1704,1018
1704,1019
1704,1020
1704,1021
1704,1022
1704,1023
1704,1100
1704,1101
1704,1102
1704,1103
1704,1104
1704,1105
1704,1106
1704,1107
1704,1108
1704,1109
1704,1110
1704,1111
1704,1112
1704,1113
1704,1114
1704,1115
1704,1116
1704,1117
1704,1118
1704,1119
1704,1120
1704,1121
1704,1122
1704,1123
1704,1200
1704,1201
1704,1202
1704,1203
1704,1204
1704,1205
1704,1206
1704,1207
1704,1208
1704,1209
1704,1210
1704,1211
1704,1212
1704,1213
1704,1214
1704,1215
1704,1216
1704,1217
1704,1218
1704,1219
1704,1220
1704,1221
1704,1222
1704,1223
1704,1300
1704,1301
1704,1302
1704,1303
1704,1304
1704,1305
1704,1306
1704,1307
1704,1308
1704,1309
1704,1310
1704,1311
1704,1312
1704,1313
1704,1314
1704,1315
1704,1316
1704,1317
1704,1318
1704,1319
1704,1320
1704,1321
1704,1322
1704,1323
1704,1400
1704,1401
1704,1402
1704,1403
1704,1404
1704,1405
1704,1406
1704,1407
1704,1408
1704,1409
1704,1410
1704,1411
1704,1412
1704,1413
1704,1414
1704,1415
1704,1416
1704,1417
1704,1418
1704,1419
1704,1420
1704,1421
1704,1422
1704,1423
1704,1500
1704,1501
1704,1502
1704,1503
1704,1504
1704,1505
1704,1506
1704,1507
1704,1508
1704,1509
1704,1510
1704,1511
1704,1512
1704,1513
1704,1514
1704,1515
1704,1516
1704,1517
1704,1518
1704,1519
1704,1520
1704,1521
1704,1522
1704,1523
1704,1600
1704,1601
1704,1602
1704,1603
1704,1604
1704,1605
1704,1606
1704,1607
1704,1608
1704,1609
1704,1610
1704,1611
1704,1612
1704,1613
1704,1614
1704,1615
1704,1616
1704,1617
1704,1618
1704,1619
1704,1620
1704,1621
1704,1622
1704,1623
1704,1700
1704,1701
1704,1702
1704,1703
1704,1704
1704,1705
1704,1706
1704,1707
1704,1708
1704,1709
1704,1710
1704,1711
1704,1712
1704,1713
1704,1714
1704,1715
1704,1716
1704,1717
1704,1718
1704,1719
1704,1720
1704,1721
1704,1722
1704,1723
1704,1800
1704,1801
1704,1802
1704,1803
1704,1804
1704,1805
1704,1806
1704,1807
1704,1808
1704,1809
1704,1810
1704,1811
1704,1812
1704,1813
1704,1814
1704,1815
1704,1816
1704,1817
1704,1818
1704,1819
1704,1820
1704,1821
1704,1822
1704,1823
1704,1900
1704,1901
1704,1902
1704,1903
1704,1904
1704,1905
1704,1906
1704,1907
1704,1908
1704,1909
1704,1910
1704,1911
1704,1912
1704,1913
1704,1914
1704,1915
1704,1916
1704,1917
1704,1918
1704,1919
1704,1920
1704,1921
1704,1922
1704,1923
1704,2000
1704,2001
1704,2002
1704,2003
1704,2004
1704,2005
1704,2006
1704,2007
1704,2008
1704,2009
1704,2010
1704,2011
1704,2012
1704,2013
1704,2014
1704,2015
1704,2016
1704,2017
1704,2018
1704,2019
1704,2020
1704,2021
1704,2022
1704,2023
1704,2100
1704,2101
1704,2102
1704,2103
1704,2104
1704,2105
1704,2106
1704,2107
1704,2108
1704,2109
1704,2110
1704,2111
1704,2112
1704,2113
1704,2114
1704,2115
1704,2116
1704,2117
1704,2118
1704,2119
1704,2120
1704,2121
1704,2122
1704,2123
1704,2200
1704,2201
1704,2202
1704,2203
1704,2204
1704,2205
1704,2206
1704,2207
1704,2208
1704,2209
1704,2210
1704,2211
1704,2212
1704,2213
1704,2214
1704,2215
1704,2216
1704,2217
1704,2218
1704,2219
1704,2220
1704,2221
1704,2222
1704,2223
1704,2300
1704,2301
1704,2302
1704,2303
1704,2304
1704,2305
1704,2306
1704,2307
1704,2308
1704,2309
1704,2310
1704,2311
1704,2312
1704,2313
1704,2314
1704,2315
1704,2316
1704,2317
1704,2318
1704,2319
1704,2320
1704,2321
1704,2322
1704,2323
1704,2400
1704,2401
1704,2402
1704,2403
1704,2404
1704,2405
1704,2406
1704,2407
1704,2408
1704,2409
1704,2410
1704,2411
1704,2412
1704,2413
1704,2414
1704,2415
1704,2416
1704,2417
1704,2418
1704,2419
1704,2420
1704,2421
1704,2422
1704,2423
1704,2500
1704,2501
1704,2502
1704,2503
1704,2504
1704,2505
1704,2506
1704,2507
1704,2508
1704,2509
1704,2510
1704,2511
1704,2512
1704,2513
1704,2514
1704,2515
1704,2516
1704,2517
1704,2518
1704,2519
1704,2520
1704,2521
1704,2522
1704,2523
1704,2600
1704,2601
1704,2602
1704,2603
1704,2604
1704,2605
1704,2606
1704,2607
1704,2608
1704,2609
1704,2610
1704,2611
1704,2612
1704,2613
1704,2614
1704,2615
1704,2616
1704,2617
1704,2618
1704,2619
1704,2620
1704,2621
1704,2622
1704,2623
1704,2700
1704,2701
1704,2702
1704,2703
1704,2704
1704,2705
1704,2706
1704,2707
1704,2708
1704,2709
1704,2710
1704,2711
1704,2712
1704,2713
1704,2714
1704,2715
1704,2716
1704,2717
1704,2718
1704,2719
1704,2720
1704,2721
1704,2722
1704,2723
1704,2800
1704,2801
1704,2802
1704,2803
1704,2804
1704,2805
1704,2806
1704,2807
1704,2808
1704,2809
1704,2810
1704,2811
1704,2812
1704,2813
1704,2814
1704,2815
1704,2816
1704,2817
1704,2818
1704,2819
1704,2820
1704,2821
1704,2822
1704,2823
1704,2900
1704,2901
1704,2902
1704,2903
1704,2904
1704,2905
1704,2906
1704,2907
1704,2908
1704,2909
1704,2910
1704,2911
1704,2912
1704,2913
1704,2914
1704,2915
1704,2916
1704,2917
1704,2918
1704,2919
1704,2920
1704,2921
1704,2922
1704,2923
1704,3000
1704,3001
1704,3002
1704,3003
1704,3004
1704,3005
1704,3006
1704,3007
1704,3008
1704,3009
1704,3010
1704,3011
1704,3012
1704,3013
1704,3014
1704,3015
1704,3016
1704,3017
1704,3018
1704,3019
1704,3020
1704,3021
1704,3022
1704,3023
1705,0100
1705,0101
1705,0102
1705,0103
1705,0104
1705,0105
1705,0106
1705,0107
1705,0108
1705,0109
1705,0110
1705,0111
1705,0112
1705,0113
1705,0114
1705,0115
1705,0116
1705,0117
1705,0118
1705,0119
1705,0120
1705,0121
1705,0122
1705,0123
1705,0200
1705,0201
1705,0202
1705,0203
1705,0204
1705,0205
1705,0206
1705,0207
1705,0208
1705,0209
1705,0210
1705,0211
1705,0212
1705,0213
1705,0214
1705,0215
1705,0216
1705,0217
1705,0218
1705,0219
1705,0220
1705,0221
1705,0222
1705,0223
1705,0300
1705,0301
1705,0302
1705,0303
1705,0304
1705,0305
1705,0306
1705,0307
1705,0308
1705,0309
1705,0310
1705,0311
1705,0312
1705,0313
1705,0314
1705,0315
1705,0316
1705,0317
1705,0318
1705,0319
1705,0320
1705,0321
1705,0322
1705,0323
1705,0400
1705,0401
1705,0402
1705,0403
1705,0404
1705,0405
1705,0406
1705,0407
1705,0408
1705,0409
1705,0410
1705,0411
1705,0412
1705,0413
1705,0414
1705,0415
1705,0416
1705,0417
1705,0418
1705,0419
1705,0420
1705,0421
1705,0422
1705,0423
1705,0500
1705,0501
1705,0502
1705,0503
1705,0504
1705,0505
1705,0506
1705,0507
1705,0508
1705,0509
1705,0510
1705,0511
1705,0512
1705,0513
1705,0514
1705,0515
1705,0516
1705,0517
1705,0518
1705,0519
1705,0520
1705,0521
1705,0522
1705,0523
1705,0600
1705,0601
1705,0602
1705,0603
1705,0604
1705,0605
1705,0606
1705,0607
1705,0608
1705,0609
1705,0610
1705,0611
1705,0612
1705,0613
1705,0614
1705,0615
1705,0616
1705,0617
1705,0618
1705,0619
1705,0620
1705,0621
1705,0622
1705,0623
1705,0700
1705,0701
1705,0702
1705,0703
1705,0704
1705,0705
1705,0706
1705,0707
1705,0708
1705,0709
1705,0710
1705,0711
1705,0712
1705,0713
1705,0714
1705,0715
1705,0716
1705,0717
1705,0718
1705,0719
1705,0720
1705,0721
1705,0722
1705,0723
1705,0800
1705,0801
1705,0802
1705,0803
1705,0804
1705,0805
1705,0806
1705,0807
1705,0808
1705,0809
1705,0810
1705,0811
1705,0812
1705,0813
1705,0814
1705,0815
1705,0816
1705,0817
1705,0818
1705,0819
1705,0820
1705,0821
1705,0822
1705,0823
1705,0900
1705,0901
1705,0902
1705,0903
1705,0904
1705,0905
1705,0906
1705,0907
1705,0908
1705,0909
1705,0910
1705,0911
1705,0912
1705,0913
1705,0914
1705,0915
1705,0916
1705,0917
1705,0918
1705,0919
1705,0920
1705,0921
1705,0922
1705,0923
1705,1000
1705,1001
1705,1002
1705,1003
1705,1004
1705,1005
1705,1006
1705,1007
1705,1008
1705,1009
1705,1010
1705,1011
1705,1012
1705,1013
1705,1014
1705,1015
1705,1016
1705,1017
1705,1018
1705,1019
1705,1020
1705,1021
1705,1022
1705,1023
1705,1100
1705,1101
1705,1102
1705,1103
1705,1104
1705,1105
1705,1106
1705,1107
1705,1108
1705,1109
1705,1110
1705,1111
1705,1112
1705,1113
1705,1114
1705,1115
1705,1116
1705,1117
1705,1118
1705,1119
1705,1120
1705,1121
1705,1122
1705,1123
1705,1200
1705,1201
1705,1202
1705,1203
1705,1204
1705,1205
1705,1206
1705,1207
1705,1208
1705,1209
1705,1210
1705,1211
1705,1212
1705,1213
1705,1214
1705,1215
1705,1216
1705,1217
1705,1218
1705,1219
1705,1220
1705,1221
1705,1222
1705,1223
1705,1300
1705,1301
1705,1302
1705,1303
1705,1304
1705,1305
1705,1306
1705,1307
1705,1308
1705,1309
1705,1310
1705,1311
1705,1312
1705,1313
1705,1314
1705,1315
1705,1316
1705,1317
1705,1318
1705,1319
1705,1320
1705,1321
1705,1322
1705,1323
1705,1400
1705,1401
1705,1402
1705,1403
1705,1404
1705,1405
1705,1406
1705,1407
1705,1408
1705,1409
1705,1410
1705,1411
1705,1412
1705,1413
1705,1414
1705,1415
1705,1416
1705,1417
1705,1418
1705,1419
1705,1420
1705,1421
1705,1422
1705,1423
1705,1500
1705,1501
1705,1502
1705,1503
1705,1504
1705,1505
1705,1506
1705,1507
1705,1508
1705,1509
1705,1510
1705,1511
1705,1512
1705,1513
1705,1514
1705,1515
1705,1516
1705,1517
1705,1518
1705,1519
1705,1520
1705,1521
1705,1522
1705,1523
1705,1600
1705,1601
1705,1602
1705,1603
1705,1604
1705,1605
1705,1606
1705,1607
1705,1608
1705,1609
1705,1610
1705,1611
1705,1612
1705,1613
1705,1614
1705,1615
1705,1616
1705,1617
1705,1618
1705,1619
1705,1620
1705,1621
1705,1622
1705,1623
1705,1700
1705,1701
1705,1702
1705,1703
1705,1704
1705,1705
1705,1706
1705,1707
1705,1708
1705,1709
1705,1710
1705,1711
1705,1712
1705,1713
1705,1714
1705,1715
1705,1716
1705,1717
1705,1718
1705,1719
1705,1720
1705,1721
1705,1722
1705,1723
1705,1800
1705,1801
1705,1802
1705,1803
1705,1804
1705,1805
1705,1806
1705,1807
1705,1808
1705,1809
1705,1810
1705,1811
1705,1812
1705,1813
1705,1814
1705,1815
1705,1816
1705,1817
1705,1818
1705,1819
1705,1820
1705,1821
1705,1822
1705,1823
1705,1900
1705,1901
1705,1902
1705,1903
1705,1904
1705,1905
1705,1906
1705,1907
1705,1908
1705,1909
1705,1910
1705,1911
1705,1912
1705,1913
1705,1914
1705,1915
1705,1916
1705,1917
1705,1918
1705,1919
1705,1920
1705,1921
1705,1922
1705,1923
1705,2000
1705,2001
1705,2002
1705,2003
1705,2004
1705,2005
1705,2006
1705,2007
1705,2008
1705,2009
1705,2010
1705,2011
1705,2012
1705,2013
1705,2014
1705,2015
1705,2016
1705,2017
1705,2018
1705,2019
1705,2020
1705,2021
1705,2022
1705,2023
1705,2100
1705,2101
1705,2102
1705,2103
1705,2104
1705,2105
1705,2106
1705,2107
1705,2108
1705,2109
1705,2110
1705,2111
1705,2112
1705,2113
1705,2114
1705,2115
1705,2116
1705,2117
1705,2118
1705,2119
1705,2120
1705,2121
1705,2122
1705,2123
1705,2200
1705,2201
1705,2202
1705,2203
1705,2204
1705,2205
1705,2206
1705,2207
1705,2208
1705,2209
1705,2210
1705,2211
1705,2212
1705,2213
1705,2214
1705,2215
1705,2216
1705,2217
1705,2218
1705,2219
1705,2220
1705,2221
1705,2222
1705,2223
1705,2300
1705,2301
1705,2302
1705,2303
1705,2304
1705,2305
1705,2306
1705,2307
1705,2308
1705,2309
1705,2310
1705,2311
1705,2312
1705,2313
1705,2314
1705,2315
1705,2316
1705,2317
1705,2318
1705,2319
1705,2320
1705,2321
1705,2322
1705,2323
1705,2400
1705,2401
1705,2402
1705,2403
1705,2404
1705,2405
1705,2406
1705,2407
1705,2408
1705,2409
1705,2410
1705,2411
1705,2412
1705,2413
1705,2414
1705,2415
1705,2416
1705,2417
1705,2418
1705,2419
1705,2420
1705,2421
1705,2422
1705,2423
1705,2500
1705,2501
1705,2502
1705,2503
1705,2504
1705,2505
1705,2506
1705,2507
1705,2508
1705,2509
1705,2510
1705,2511
1705,2512
1705,2513
1705,2514
1705,2515
1705,2516
1705,2517
1705,2518
1705,2519
1705,2520
1705,2521
1705,2522
1705,2523
1705,2600
1705,2601
1705,2602
1705,2603
1705,2604
1705,2605
1705,2606
1705,2607
1705,2608
1705,2609
1705,2610
1705,2611
1705,2612
1705,2613
1705,2614
1705,2615
1705,2616
1705,2617
1705,2618
1705,2619
1705,2620
1705,2621
1705,2622
1705,2623
1705,2700
1705,2701
1705,2702
1705,2703
1705,2704
1705,2705
1705,2706
1705,2707
1705,2708
1705,2709
1705,2710
1705,2711
1705,2712
1705,2713
1705,2714
1705,2715
1705,2716
1705,2717
1705,2718
1705,2719
1705,2720
1705,2721
1705,2722
1705,2723
1705,2800
1705,2801
1705,2802
1705,2803
1705,2804
1705,2805
1705,2806
1705,2807
1705,2808
1705,2809
1705,2810
1705,2811
1705,2812
1705,2813
1705,2814
1705,2815
1705,2816
1705,2817
1705,2818
1705,2819
1705,2820
1705,2821
1705,2822
1705,2823
1705,2900
1705,2901
1705,2902
1705,2903
1705,2904
1705,2905
1705,2906
1705,2907
1705,2908
1705,2909
1705,2910
1705,2911
1705,2912
1705,2913
1705,2914
1705,2915
1705,2916
1705,2917
1705,2918
1705,2919
1705,2920
1705,2921
1705,2922
1705,2923
1705,3000
1705,3001
1705,3002
1705,3003
1705,3004
1705,3005
1705,3006
1705,3007
1705,3008
1705,3009
1705,3010
1705,3011
1705,3012
1705,3013
1705,3014
1705,3015
1705,3016
1705,3017
1705,3018
1705,3019
1705,3020
1705,3021
1705,3022
1705,3023
1705,3100
1705,3101
1705,3102
1705,3103
1705,3104
1705,3105
1705,3106
1705,3107
1705,3108
1705,3109
1705,3110
1705,3111
1705,3112
1705,3113
1705,3114
1705,3115
1705,3116
1705,3117
1705,3118
1705,3119
1705,3120
1705,3121
1705,3122
1705,3123
1706,0100
1706,0101
1706,0102
1706,0103
1706,0104
1706,0105
1706,0106
1706,0107
1706,0108
1706,0109
1706,0110
1706,0111
1706,0112
1706,0113
1706,0114
1706,0115
1706,0116
1706,0117
1706,0118
1706,0119
1706,0120
1706,0121
1706,0122
1706,0123
1706,0200
1706,0201
1706,0202
1706,0203
1706,0204
1706,0205
1706,0206
1706,0207
1706,0208
1706,0209
1706,0210
1706,0211
1706,0212
1706,0213
1706,0214
1706,0215
1706,0216
1706,0217
1706,0218
1706,0219
1706,0220
1706,0221
1706,0222
1706,0223
1706,0300
1706,0301
1706,0302
1706,0303
1706,0304
1706,0305
1706,0306
1706,0307
1706,0308
1706,0309
1706,0310
1706,0311
1706,0312
1706,0313
1706,0314
1706,0315
1706,0316
1706,0317
1706,0318
1706,0319
1706,0320
1706,0321
1706,0322
1706,0323
1706,0400
1706,0401
1706,0402
1706,0403
1706,0404
1706,0405
1706,0406
1706,0407
1706,0408
1706,0409
1706,0410
1706,0411
1706,0412
1706,0413
1706,0414
1706,0415
1706,0416
1706,0417
1706,0418
1706,0419
1706,0420
1706,0421
1706,0422
1706,0423
1706,0500
1706,0501
1706,0502
1706,0503
1706,0504
1706,0505
1706,0506
1706,0507
1706,0508
1706,0509
1706,0510
1706,0511
1706,0512
1706,0513
1706,0514
1706,0515
1706,0516
1706,0517
1706,0518
1706,0519
1706,0520
1706,0521
1706,0522
1706,0523
1706,0600
1706,0601
1706,0602
1706,0603
1706,0604
1706,0605
1706,0606
1706,0607
1706,0608
1706,0609
1706,0610
1706,0611
1706,0612
1706,0613
1706,0614
1706,0615
1706,0616
1706,0617
1706,0618
1706,0619
1706,0620
1706,0621
1706,0622
1706,0623
1706,0700
1706,0701
1706,0702
1706,0703
1706,0704
1706,0705
1706,0706
1706,0707
1706,0708
1706,0709
1706,0710
1706,0711
1706,0712
1706,0713
1706,0714
1706,0715
1706,0716
1706,0717
1706,0718
1706,0719
1706,0720
1706,0721
1706,0722
1706,0723
1706,0800
1706,0801
1706,0802
1706,0803
1706,0804
1706,0805
1706,0806
1706,0807
1706,0808
1706,0809
1706,0810
1706,0811
1706,0812
1706,0813
1706,0814
1706,0815
1706,0816
1706,0817
1706,0818
1706,0819
1706,0820
1706,0821
1706,0822
1706,0823
1706,0900
1706,0901
1706,0902
1706,0903
1706,0904
1706,0905
1706,0906
1706,0907
1706,0908
1706,0909
1706,0910
1706,0911
1706,0912
1706,0913
1706,0914
1706,0915
1706,0916
1706,0917
1706,0918
1706,0919
1706,0920
1706,0921
1706,0922
1706,0923
1706,1000
1706,1001
1706,1002
1706,1003
1706,1004
1706,1005
1706,1006
1706,1007
1706,1008
1706,1009
1706,1010
1706,1011
1706,1012
1706,1013
1706,1014
1706,1015
1706,1016
1706,1017
1706,1018
1706,1019
1706,1020
1706,1021
1706,1022
1706,1023
1706,1100
1706,1101
1706,1102
1706,1103
1706,1104
1706,1105
1706,1106
1706,1107
1706,1108
1706,1109
1706,1110
1706,1111
1706,1112
1706,1113
1706,1114
1706,1115
1706,1116
1706,1117
1706,1118
1706,1119
1706,1120
1706,1121
1706,1122
1706,1123
1706,1200
1706,1201
1706,1202
1706,1203
1706,1204
1706,1205
1706,1206
1706,1207
1706,1208
1706,1209
1706,1210
1706,1211
1706,1212
1706,1213
1706,1214
1706,1215
1706,1216
1706,1217
1706,1218
1706,1219
1706,1220
1706,1221
1706,1222
1706,1223
1706,1300
1706,1301
1706,1302
1706,1303
1706,1304
1706,1305
1706,1306
1706,1307
1706,1308
1706,1309
1706,1310
1706,1311
1706,1312
1706,1313
1706,1314
1706,1315
1706,1316
1706,1317
1706,1318
1706,1319
1706,1320
1706,1321
1706,1322
1706,1323
1706,1400
1706,1401
1706,1402
1706,1403
1706,1404
1706,1405
1706,1406
1706,1407
1706,1408
1706,1409
1706,1410
1706,1411
1706,1412
1706,1413
1706,1414
1706,1415
1706,1416
1706,1417
1706,1418
1706,1419
1706,1420
1706,1421
1706,1422
1706,1423
1706,1500
1706,1501
1706,1502
1706,1503
1706,1504
1706,1505
1706,1506
1706,1507
1706,1508
1706,1509
1706,1510
1706,1511
1706,1512
1706,1513
1706,1514
1706,1515
1706,1516
1706,1517
1706,1518
1706,1519
1706,1520
1706,1521
1706,1522
1706,1523
1706,1600
1706,1601
1706,1602
1706,1603
1706,1604
1706,1605
1706,1606
1706,1607
1706,1608
1706,1609
1706,1610
1706,1611
1706,1612
1706,1613
1706,1614
1706,1615
1706,1616
1706,1617
1706,1618
1706,1619
1706,1620
1706,1621
1706,1622
1706,1623
1706,1700
1706,1701
1706,1702
1706,1703
1706,1704
1706,1705
1706,1706
1706,1707
1706,1708
1706,1709
1706,1710
1706,1711
1706,1712
1706,1713
1706,1714
1706,1715
1706,1716
1706,1717
1706,1718
1706,1719
1706,1720
1706,1721
1706,1722
1706,1723
1706,1800
1706,1801
1706,1802
1706,1803
1706,1804
1706,1805
1706,1806
1706,1807
1706,1808
1706,1809
1706,1810
1706,1811
1706,1812
1706,1813
1706,1814
1706,1815
1706,1816
1706,1817
1706,1818
1706,1819
1706,1820
1706,1821
1706,1822
1706,1823
1706,1900
1706,1901
1706,1902
1706,1903
1706,1904
1706,1905
1706,1906
1706,1907
1706,1908
1706,1909
1706,1910
1706,1911
1706,1912
1706,1913
1706,1914
1706,1915
1706,1916
1706,1917
1706,1918
1706,1919
1706,1920
1706,1921
1706,1922
1706,1923
1706,2000
1706,2001
1706,2002
1706,2003
1706,2004
1706,2005
1706,2006
1706,2007
1706,2008
1706,2009
1706,2010
1706,2011
1706,2012
1706,2013
1706,2014
1706,2015
1706,2016
1706,2017
1706,2018
1706,2019
1706,2020
1706,2021
1706,2022
1706,2023
1706,2100
1706,2101
1706,2102
1706,2103
1706,2104
1706,2105
1706,2106
1706,2107
1706,2108
1706,2109
1706,2110
1706,2111
1706,2112
1706,2113
1706,2114
1706,2115
1706,2116
1706,2117
1706,2118
1706,2119
1706,2120
1706,2121
1706,2122
1706,2123
1706,2200
1706,2201
1706,2202
1706,2203
1706,2204
1706,2205
1706,2206
1706,2207
1706,2208
1706,2209
1706,2210
1706,2211
1706,2212
1706,2213
1706,2214
1706,2215
1706,2216
1706,2217
1706,2218
1706,2219
1706,2220
1706,2221
1706,2222
1706,2223
1706,2300
1706,2301
1706,2302
1706,2303
1706,2304
1706,2305
1706,2306
1706,2307
1706,2308
1706,2309
1706,2310
1706,2311
1706,2312
1706,2313
1706,2314
1706,2315
1706,2316
1706,2317
1706,2318
1706,2319
1706,2320
1706,2321
1706,2322
1706,2323
1706,2400
1706,2401
1706,2402
1706,2403
1706,2404
1706,2405
1706,2406
1706,2407
1706,2408
1706,2409
1706,2410
1706,2411
1706,2412
1706,2413
1706,2414
1706,2415
1706,2416
1706,2417
1706,2418
1706,2419
1706,2420
1706,2421
1706,2422
1706,2423
1706,2500
1706,2501
1706,2502
1706,2503
1706,2504
1706,2505
1706,2506
1706,2507
1706,2508
1706,2509
1706,2510
1706,2511
1706,2512
1706,2513
1706,2514
1706,2515
1706,2516
1706,2517
1706,2518
1706,2519
1706,2520
1706,2521
1706,2522
1706,2523
1706,2600
1706,2601
1706,2602
1706,2603
1706,2604
1706,2605
1706,2606
1706,2607
1706,2608
1706,2609
1706,2610
1706,2611
1706,2612
1706,2613
1706,2614
1706,2615
1706,2616
1706,2617
1706,2618
1706,2619
1706,2620
1706,2621
1706,2622
1706,2623
1706,2700
1706,2701
1706,2702
1706,2703
1706,2704
1706,2705
1706,2706
1706,2707
1706,2708
1706,2709
1706,2710
1706,2711
1706,2712
1706,2713
1706,2714
1706,2715
1706,2716
1706,2717
1706,2718
1706,2719
1706,2720
1706,2721
1706,2722
1706,2723
1706,2800
1706,2801
1706,2802
1706,2803
1706,2804
1706,2805
1706,2806
1706,2807
1706,2808
1706,2809
1706,2810
1706,2811
1706,2812
1706,2813
1706,2814
1706,2815
1706,2816
1706,2817
1706,2818
1706,2819
1706,2820
1706,2821
1706,2822
1706,2823
1706,2900
1706,2901
1706,2902
1706,2903
1706,2904
1706,2905
1706,2906
1706,2907
1706,2908
1706,2909
1706,2910
1706,2911
1706,2912
1706,2913
1706,2914
1706,2915
1706,2916
1706,2917
1706,2918
1706,2919
1706,2920
1706,2921
1706,2922
1706,2923
1706,3000
1706,3001
1706,3002
1706,3003
1706,3004
1706,3005
1706,3006
1706,3007
1706,3008
1706,3009
1706,3010
1706,3011
1706,3012
1706,3013
1706,3014
1706,3015
1706,3016
1706,3017
1706,3018
1706,3019
1706,3020
1706,3021
1706,3022
1706,3023
1707,0100
1707,0101
1707,0102
1707,0103
1707,0104
1707,0105
1707,0106
1707,0107
1707,0108
1707,0109
1707,0110
1707,0111
1707,0112
1707,0113
1707,0114
1707,0115
1707,0116
1707,0117
1707,0118
1707,0119
1707,0120
1707,0121
1707,0122
1707,0123
1707,0200
1707,0201
1707,0202
1707,0203
1707,0204
1707,0205
1707,0206
1707,0207
1707,0208
1707,0209
1707,0210
1707,0211
1707,0212
1707,0213
1707,0214
1707,0215
1707,0216
1707,0217
1707,0218
1707,0219
1707,0220
1707,0221
1707,0222
1707,0223
1707,0300
1707,0301
1707,0302
1707,0303
1707,0304
1707,0305
1707,0306
1707,0307
1707,0308
1707,0309
1707,0310
1707,0311
1707,0312
1707,0313
1707,0314
1707,0315
1707,0316
1707,0317
1707,0318
1707,0319
1707,0320
1707,0321
1707,0322
1707,0323
1707,0400
1707,0401
1707,0402
1707,0403
1707,0404
1707,0405
1707,0406
1707,0407
1707,0408
1707,0409
1707,0410
1707,0411
1707,0412
1707,0413
1707,0414
1707,0415
1707,0416
1707,0417
1707,0418
1707,0419
1707,0420
1707,0421
1707,0422
1707,0423
1707,0500
1707,0501
1707,0502
1707,0503
1707,0504
1707,0505
1707,0506
1707,0507
1707,0508
1707,0509
1707,0510
1707,0511
1707,0512
1707,0513
1707,0514
1707,0515
1707,0516
1707,0517
1707,0518
1707,0519
1707,0520
1707,0521
1707,0522
1707,0523
1707,0600
1707,0601
1707,0602
1707,0603
1707,0604
1707,0605
1707,0606
1707,0607
1707,0608
1707,0609
1707,0610
1707,0611
1707,0612
1707,0613
1707,0614
1707,0615
1707,0616
1707,0617
1707,0618
1707,0619
1707,0620
1707,0621
1707,0622
1707,0623
1707,0700
1707,0701
1707,0702
1707,0703
1707,0704
1707,0705
1707,0706
1707,0707
1707,0708
1707,0709
1707,0710
1707,0711
1707,0712
1707,0713
1707,0714
1707,0715
1707,0716
1707,0717
1707,0718
1707,0719
1707,0720
1707,0721
1707,0722
1707,0723
1707,0800
1707,0801
1707,0802
1707,0803
1707,0804
1707,0805
1707,0806
1707,0807
1707,0808
1707,0809
1707,0810
1707,0811
1707,0812
1707,0813
1707,0814
1707,0815
1707,0816
1707,0817
1707,0818
1707,0819
1707,0820
1707,0821
1707,0822
1707,0823
1707,0900
1707,0901
1707,0902
1707,0903
1707,0904
1707,0905
1707,0906
1707,0907
1707,0908
1707,0909
1707,0910
1707,0911
1707,0912
1707,0913
1707,0914
1707,0915
1707,0916
1707,0917
1707,0918
1707,0919
1707,0920
1707,0921
1707,0922
1707,0923
1707,1000
1707,1001
1707,1002
1707,1003
1707,1004
1707,1005
1707,1006
1707,1007
1707,1008
1707,1009
1707,1010
1707,1011
1707,1012
1707,1013
1707,1014
1707,1015
1707,1016
1707,1017
1707,1018
1707,1019
1707,1020
1707,1021
1707,1022
1707,1023
1707,1100
1707,1101
1707,1102
1707,1103
1707,1104
1707,1105
1707,1106
1707,1107
1707,1108
1707,1109
1707,1110
1707,1111
1707,1112
1707,1113
1707,1114
1707,1115
1707,1116
1707,1117
1707,1118
1707,1119
1707,1120
1707,1121
1707,1122
1707,1123
1707,1200
1707,1201
1707,1202
1707,1203
1707,1204
1707,1205
1707,1206
1707,1207
1707,1208
1707,1209
1707,1210
1707,1211
1707,1212
1707,1213
1707,1214
1707,1215
1707,1216
1707,1217
1707,1218
1707,1219
1707,1220
1707,1221
1707,1222
1707,1223
1707,1300
1707,1301
1707,1302
1707,1303
1707,1304
1707,1305
1707,1306
1707,1307
1707,1308
1707,1309
1707,1310
1707,1311
1707,1312
1707,1313
1707,1314
1707,1315
1707,1316
1707,1317
1707,1318
1707,1319
1707,1320
1707,1321
1707,1322
1707,1323
1707,1400
1707,1401
1707,1402
1707,1403
1707,1404
1707,1405
1707,1406
1707,1407
1707,1408
1707,1409
1707,1410
1707,1411
1707,1412
1707,1413
1707,1414
1707,1415
1707,1416
1707,1417
1707,1418
1707,1419
1707,1420
1707,1421
1707,1422
1707,1423
1707,1500
1707,1501
1707,1502
1707,1503
1707,1504
1707,1505
1707,1506
1707,1507
1707,1508
1707,1509
1707,1510
1707,1511
1707,1512
1707,1513
1707,1514
1707,1515
1707,1516
1707,1517
1707,1518
1707,1519
1707,1520
1707,1521
1707,1522
1707,1523
1707,1600
1707,1601
1707,1602
1707,1603
1707,1604
1707,1605
1707,1606
1707,1607
1707,1608
1707,1609
1707,1610
1707,1611
1707,1612
1707,1613
1707,1614
1707,1615
1707,1616
1707,1617
1707,1618
1707,1619
1707,1620
1707,1621
1707,1622
1707,1623
1707,1700
1707,1701
1707,1702
1707,1703
1707,1704
1707,1705
1707,1706
1707,1707
1707,1708
1707,1709
1707,1710
1707,1711
1707,1712
1707,1713
1707,1714
1707,1715
1707,1716
1707,1717
1707,1718
1707,1719
1707,1720
1707,1721
1707,1722
1707,1723
1707,1800
1707,1801
1707,1802
1707,1803
1707,1804
1707,1805
1707,1806
1707,1807
1707,1808
1707,1809
1707,1810
1707,1811
1707,1812
1707,1813
1707,1814
1707,1815
1707,1816
1707,1817
1707,1818
1707,1819
1707,1820
1707,1821
1707,1822
1707,1823
1707,1900
1707,1901
1707,1902
1707,1903
1707,1904
1707,1905
1707,1906
1707,1907
1707,1908
1707,1909
1707,1910
1707,1911
1707,1912
1707,1913
1707,1914
1707,1915
1707,1916
1707,1917
1707,1918
1707,1919
1707,1920
1707,1921
1707,1922
1707,1923
1707,2000
1707,2001
1707,2002
1707,2003
1707,2004
1707,2005
1707,2006
1707,2007
1707,2008
1707,2009
1707,2010
1707,2011
1707,2012
1707,2013
1707,2014
1707,2015
1707,2016
1707,2017
1707,2018
1707,2019
1707,2020
1707,2021
1707,2022
1707,2023
1707,2100
1707,2101
1707,2102
1707,2103
1707,2104
1707,2105
1707,2106
1707,2107
1707,2108
1707,2109
1707,2110
1707,2111
1707,2112
1707,2113
1707,2114
1707,2115
1707,2116
1707,2117
1707,2118
1707,2119
1707,2120
1707,2121
1707,2122
1707,2123
1707,2200
1707,2201
1707,2202
1707,2203
1707,2204
1707,2205
1707,2206
1707,2207
1707,2208
1707,2209
1707,2210
1707,2211
1707,2212
1707,2213
1707,2214
1707,2215
1707,2216
1707,2217
1707,2218
1707,2219
1707,2220
1707,2221
1707,2222
1707,2223
1707,2300
1707,2301
1707,2302
1707,2303
1707,2304
1707,2305
1707,2306
1707,2307
1707,2308
1707,2309
1707,2310
1707,2311
1707,2312
1707,2313
1707,2314
1707,2315
1707,2316
1707,2317
1707,2318
1707,2319
1707,2320
1707,2321
1707,2322
1707,2323
1707,2400
1707,2401
1707,2402
1707,2403
1707,2404
1707,2405
1707,2406
1707,2407
1707,2408
1707,2409
1707,2410
1707,2411
1707,2412
1707,2413
1707,2414
1707,2415
1707,2416
1707,2417
1707,2418
1707,2419
1707,2420
1707,2421
1707,2422
1707,2423
1707,2500
1707,2501
1707,2502
1707,2503
1707,2504
1707,2505
1707,2506
1707,2507
1707,2508
1707,2509
1707,2510
1707,2511
1707,2512
1707,2513
1707,2514
1707,2515
1707,2516
1707,2517
1707,2518
1707,2519
1707,2520
1707,2521
1707,2522
1707,2523
1707,2600
1707,2601
1707,2602
1707,2603
1707,2604
1707,2605
1707,2606
1707,2607
1707,2608
1707,2609
1707,2610
1707,2611
1707,2612
1707,2613
1707,2614
1707,2615
1707,2616
1707,2617
1707,2618
1707,2619
1707,2620
1707,2621
1707,2622
1707,2623
1707,2700
1707,2701
1707,2702
1707,2703
1707,2704
1707,2705
1707,2706
1707,2707
1707,2708
1707,2709
1707,2710
1707,2711
1707,2712
1707,2713
1707,2714
1707,2715
1707,2716
1707,2717
1707,2718
1707,2719
1707,2720
1707,2721
1707,2722
1707,2723
1707,2800
1707,2801
1707,2802
1707,2803
1707,2804
1707,2805
1707,2806
1707,2807
1707,2808
1707,2809
1707,2810
1707,2811
1707,2812
1707,2813
1707,2814
1707,2815
1707,2816
1707,2817
1707,2818
1707,2819
1707,2820
1707,2821
1707,2822
1707,2823
1707,2900
1707,2901
1707,2902
1707,2903
1707,2904
1707,2905
1707,2906
1707,2907
1707,2908
1707,2909
1707,2910
1707,2911
1707,2912
1707,2913
1707,2914
1707,2915
1707,2916
1707,2917
1707,2918
1707,2919
1707,2920
1707,2921
1707,2922
1707,2923
1707,3000
1707,3001
1707,3002
1707,3003
1707,3004
1707,3005
1707,3006
1707,3007
1707,3008
1707,3009
1707,3010
1707,3011
1707,3012
1707,3013
1707,3014
1707,3015
1707,3016
1707,3017
1707,3018
1707,3019
1707,3020
1707,3021
1707,3022
1707,3023
1707,3100
1707,3101
1707,3102
1707,3103
1707,3104
1707,3105
1707,3106
1707,3107
1707,3108
1707,3109
1707,3110
1707,3111
1707,3112
1707,3113
1707,3114
1707,3115
1707,3116
1707,3117
1707,3118
1707,3119
1707,3120
1707,3121
1707,3122
1707,3123
1708,0100
1708,0101
1708,0102
1708,0103
1708,0104
1708,0105
1708,0106
1708,0107
1708,0108
1708,0109
1708,0110
1708,0111
1708,0112
1708,0113
1708,0114
1708,0115
1708,0116
1708,0117
1708,0118
1708,0119
1708,0120
1708,0121
1708,0122
1708,0123
1708,0200
1708,0201
1708,0202
1708,0203
1708,0204
1708,0205
1708,0206
1708,0207
1708,0208
1708,0209
1708,0210
1708,0211
1708,0212
1708,0213
1708,0214
1708,0215
1708,0216
1708,0217
1708,0218
1708,0219
1708,0220
1708,0221
1708,0222
1708,0223
1708,0300
1708,0301
1708,0302
1708,0303
1708,0304
1708,0305
1708,0306
1708,0307
1708,0308
1708,0309
1708,0310
1708,0311
1708,0312
1708,0313
1708,0314
1708,0315
1708,0316
1708,0317
1708,0318
1708,0319
1708,0320
1708,0321
1708,0322
1708,0323
1708,0400
1708,0401
1708,0402
1708,0403
1708,0404
1708,0405
1708,0406
1708,0407
1708,0408
1708,0409
1708,0410
1708,0411
1708,0412
1708,0413
1708,0414
1708,0415
1708,0416
1708,0417
1708,0418
1708,0419
1708,0420
1708,0421
1708,0422
1708,0423
1708,0500
1708,0501
1708,0502
1708,0503
1708,0504
1708,0505
1708,0506
1708,0507
1708,0508
1708,0509
1708,0510
1708,0511
1708,0512
1708,0513
1708,0514
1708,0515
1708,0516
1708,0517
1708,0518
1708,0519
1708,0520
1708,0521
1708,0522
1708,0523
1708,0600
1708,0601
1708,0602
1708,0603
1708,0604
1708,0605
1708,0606
1708,0607
1708,0608
1708,0609
1708,0610
1708,0611
1708,0612
1708,0613
1708,0614
1708,0615
1708,0616
1708,0617
1708,0618
1708,0619
1708,0620
1708,0621
1708,0622
1708,0623
1708,0700
1708,0701
1708,0702
1708,0703
1708,0704
1708,0705
1708,0706
1708,0707
1708,0708
1708,0709
1708,0710
1708,0711
1708,0712
1708,0713
1708,0714
1708,0715
1708,0716
1708,0717
1708,0718
1708,0719
1708,0720
1708,0721
1708,0722
1708,0723
1708,0800
1708,0801
1708,0802
1708,0803
1708,0804
1708,0805
1708,0806
1708,0807
1708,0808
1708,0809
1708,0810
1708,0811
1708,0812
1708,0813
1708,0814
1708,0815
1708,0816
1708,0817
1708,0818
1708,0819
1708,0820
1708,0821
1708,0822
1708,0823
1708,0900
1708,0901
1708,0902
1708,0903
1708,0904
1708,0905
1708,0906
1708,0907
1708,0908
1708,0909
1708,0910
1708,0911
1708,0912
1708,0913
1708,0914
1708,0915
1708,0916
1708,0917
1708,0918
1708,0919
1708,0920
1708,0921
1708,0922
1708,0923
1708,1000
1708,1001
1708,1002
1708,1003
1708,1004
1708,1005
1708,1006
1708,1007
1708,1008
1708,1009
1708,1010
1708,1011
1708,1012
1708,1013
1708,1014
1708,1015
1708,1016
1708,1017
1708,1018
1708,1019
1708,1020
1708,1021
1708,1022
1708,1023
1708,1100
1708,1101
1708,1102
1708,1103
1708,1104
1708,1105
1708,1106
1708,1107
1708,1108
1708,1109
1708,1110
1708,1111
1708,1112
1708,1113
1708,1114
1708,1115
1708,1116
1708,1117
1708,1118
1708,1119
1708,1120
1708,1121
1708,1122
1708,1123
1708,1200
1708,1201
1708,1202
1708,1203
1708,1204
1708,1205
1708,1206
1708,1207
1708,1208
1708,1209
1708,1210
1708,1211
1708,1212
1708,1213
1708,1214
1708,1215
1708,1216
1708,1217
1708,1218
1708,1219
1708,1220
1708,1221
1708,1222
1708,1223
1708,1300
1708,1301
1708,1302
1708,1303
1708,1304
1708,1305
1708,1306
1708,1307
1708,1308
1708,1309
1708,1310
1708,1311
1708,1312
1708,1313
1708,1314
1708,1315
1708,1316
1708,1317
1708,1318
1708,1319
1708,1320
1708,1321
1708,1322
1708,1323
1708,1400
1708,1401
1708,1402
1708,1403
1708,1404
1708,1405
1708,1406
1708,1407
1708,1408
1708,1409
1708,1410
1708,1411
1708,1412
1708,1413
1708,1414
1708,1415
1708,1416
1708,1417
1708,1418
1708,1419
1708,1420
1708,1421
1708,1422
1708,1423
1708,1500
1708,1501
1708,1502
1708,1503
1708,1504
1708,1505
1708,1506
1708,1507
1708,1508
1708,1509
1708,1510
1708,1511
1708,1512
1708,1513
1708,1514
1708,1515
1708,1516
1708,1517
1708,1518
1708,1519
1708,1520
1708,1521
1708,1522
1708,1523
1708,1600
1708,1601
1708,1602
1708,1603
1708,1604
1708,1605
1708,1606
1708,1607
1708,1608
1708,1609
1708,1610
1708,1611
1708,1612
1708,1613
1708,1614
1708,1615
1708,1616
1708,1617
1708,1618
1708,1619
1708,1620
1708,1621
1708,1622
1708,1623
1708,1700
1708,1701
1708,1702
1708,1703
1708,1704
1708,1705
1708,1706
1708,1707
1708,1708
1708,1709
1708,1710
1708,1711
1708,1712
1708,1713
1708,1714
1708,1715
1708,1716
1708,1717
1708,1718
1708,1719
1708,1720
1708,1721
1708,1722
1708,1723
1708,1800
1708,1801
1708,1802
1708,1803
1708,1804
1708,1805
1708,1806
1708,1807
1708,1808
1708,1809
1708,1810
1708,1811
1708,1812
1708,1813
1708,1814
1708,1815
1708,1816
1708,1817
1708,1818
1708,1819
1708,1820
1708,1821
1708,1822
1708,1823
1708,1900
1708,1901
1708,1902
1708,1903
1708,1904
1708,1905
1708,1906
1708,1907
1708,1908
1708,1909
1708,1910
1708,1911
1708,1912
1708,1913
1708,1914
1708,1915
1708,1916
1708,1917
1708,1918
1708,1919
1708,1920
1708,1921
1708,1922
1708,1923
1708,2000
1708,2001
1708,2002
1708,2003
1708,2004
1708,2005
1708,2006
1708,2007
1708,2008
1708,2009
1708,2010
1708,2011
1708,2012
1708,2013
1708,2014
1708,2015
1708,2016
1708,2017
1708,2018
1708,2019
1708,2020
1708,2021
1708,2022
1708,2023
1708,2100
1708,2101
1708,2102
1708,2103
1708,2104
1708,2105
1708,2106
1708,2107
1708,2108
1708,2109
1708,2110
1708,2111
1708,2112
1708,2113
1708,2114
1708,2115
1708,2116
1708,2117
1708,2118
1708,2119
1708,2120
1708,2121
1708,2122
1708,2123
1708,2200
1708,2201
1708,2202
1708,2203
1708,2204
1708,2205
1708,2206
1708,2207
1708,2208
1708,2209
1708,2210
1708,2211
1708,2212
1708,2213
1708,2214
1708,2215
1708,2216
1708,2217
1708,2218
1708,2219
1708,2220
1708,2221
1708,2222
1708,2223
1708,2300
1708,2301
1708,2302
1708,2303
1708,2304
1708,2305
1708,2306
1708,2307
1708,2308
1708,2309
1708,2310
1708,2311
1708,2312
1708,2313
1708,2314
1708,2315
1708,2316
1708,2317
1708,2318
1708,2319
1708,2320
1708,2321
1708,2322
1708,2323
1708,2400
1708,2401
1708,2402
1708,2403
1708,2404
1708,2405
1708,2406
1708,2407
1708,2408
1708,2409
1708,2410
1708,2411
1708,2412
1708,2413
1708,2414
1708,2415
1708,2416
1708,2417
1708,2418
1708,2419
1708,2420
1708,2421
1708,2422
1708,2423
1708,2500
1708,2501
1708,2502
1708,2503
1708,2504
1708,2505
1708,2506
1708,2507
1708,2508
1708,2509
1708,2510
1708,2511
1708,2512
1708,2513
1708,2514
1708,2515
1708,2516
1708,2517
1708,2518
1708,2519
1708,2520
1708,2521
1708,2522
1708,2523
1708,2600
1708,2601
1708,2602
1708,2603
1708,2604
1708,2605
1708,2606
1708,2607
1708,2608
1708,2609
1708,2610
1708,2611
1708,2612
1708,2613
1708,2614
1708,2615
1708,2616
1708,2617
1708,2618
1708,2619
1708,2620
1708,2621
1708,2622
1708,2623
1708,2700
1708,2701
1708,2702
1708,2703
1708,2704
1708,2705
1708,2706
1708,2707
1708,2708
1708,2709
1708,2710
1708,2711
1708,2712
1708,2713
1708,2714
1708,2715
1708,2716
1708,2717
1708,2718
1708,2719
1708,2720
1708,2721
1708,2722
1708,2723
1708,2800
1708,2801
1708,2802
1708,2803
1708,2804
1708,2805
1708,2806
1708,2807
1708,2808
1708,2809
1708,2810
1708,2811
1708,2812
1708,2813
1708,2814
1708,2815
1708,2816
1708,2817
1708,2818
1708,2819
1708,2820
1708,2821
1708,2822
1708,2823
1708,2900
1708,2901
1708,2902
1708,2903
1708,2904
1708,2905
1708,2906
1708,2907
1708,2908
1708,2909
1708,2910
1708,2911
1708,2912
1708,2913
1708,2914
1708,2915
1708,2916
1708,2917
1708,2918
1708,2919
1708,2920
1708,2921
1708,2922
1708,2923
1708,3000
1708,3001
1708,3002
1708,3003
1708,3004
1708,3005
1708,3006
1708,3007
1708,3008
1708,3009
1708,3010
1708,3011
1708,3012
1708,3013
1708,3014
1708,3015
1708,3016
1708,3017
1708,3018
1708,3019
1708,3020
1708,3021
1708,3022
1708,3023
1708,3100
1708,3101
1708,3102
1708,3103
1708,3104
1708,3105
1708,3106
1708,3107
1708,3108
1708,3109
1708,3110
1708,3111
1708,3112
1708,3113
1708,3114
1708,3115
1708,3116
1708,3117
1708,3118
1708,3119
1708,3120
1708,3121
1708,3122
1708,3123
1709,0100
1709,0101
1709,0102
1709,0103
1709,0104
1709,0105
1709,0106
1709,0107
1709,0108
1709,0109
1709,0110
1709,0111
1709,0112
1709,0113
1709,0114
1709,0115
1709,0116
1709,0117
1709,0118
1709,0119
1709,0120
1709,0121
1709,0122
1709,0123
1709,0200
1709,0201
1709,0202
1709,0203
1709,0204
1709,0205
1709,0206
1709,0207
1709,0208
1709,0209
1709,0210
1709,0211
1709,0212
1709,0213
1709,0214
1709,0215
1709,0216
1709,0217
1709,0218
1709,0219
1709,0220
1709,0221
1709,0222
1709,0223
1709,0300
1709,0301
1709,0302
1709,0303
1709,0304
1709,0305
1709,0306
1709,0307
1709,0308
1709,0309
1709,0310
1709,0311
1709,0312
1709,0313
1709,0314
1709,0315
1709,0316
1709,0317
1709,0318
1709,0319
1709,0320
1709,0321
1709,0322
1709,0323
1709,0400
1709,0401
1709,0402
1709,0403
1709,0404
1709,0405
1709,0406
1709,0407
1709,0408
1709,0409
1709,0410
1709,0411
1709,0412
1709,0413
1709,0414
1709,0415
1709,0416
1709,0417
1709,0418
1709,0419
1709,0420
1709,0421
1709,0422
1709,0423
1709,0500
1709,0501
1709,0502
1709,0503
1709,0504
1709,0505
1709,0506
1709,0507
1709,0508
1709,0509
1709,0510
1709,0511
1709,0512
1709,0513
1709,0514
1709,0515
1709,0516
1709,0517
1709,0518
1709,0519
1709,0520
1709,0521
1709,0522
1709,0523
1709,0600
1709,0601
1709,0602
1709,0603
1709,0604
1709,0605
1709,0606
1709,0607
1709,0608
1709,0609
1709,0610
1709,0611
1709,0612
1709,0613
1709,0614
1709,0615
1709,0616
1709,0617
1709,0618
1709,0619
1709,0620
1709,0621
1709,0622
1709,0623
1709,0700
1709,0701
1709,0702
1709,0703
1709,0704
1709,0705
1709,0706
1709,0707
1709,0708
1709,0709
1709,0710
1709,0711
1709,0712
1709,0713
1709,0714
1709,0715
1709,0716
1709,0717
1709,0718
1709,0719
1709,0720
1709,0721
1709,0722
1709,0723
1709,0800
1709,0801
1709,0802
1709,0803
1709,0804
1709,0805
1709,0806
1709,0807
1709,0808
1709,0809
1709,0810
1709,0811
1709,0812
1709,0813
1709,0814
1709,0815
1709,0816
1709,0817
1709,0818
1709,0819
1709,0820
1709,0821
1709,0822
1709,0823
1709,0900
1709,0901
1709,0902
1709,0903
1709,0904
1709,0905
1709,0906
1709,0917
1709,0918
1709,0919
1709,0920
1709,0921
1709,0922
1709,0923
1709,1000
1709,1001
1709,1002
1709,1003
1709,1004
1709,1005
1709,1006
1709,1007
1709,1008
1709,1009
1709,1010
1709,1011
1709,1012
1709,1013
1709,1014
1709,1015
1709,1016
1709,1017
1709,1018
1709,1019
1709,1020
1709,1021
1709,1022
1709,1023
1709,1100
1709,1101
1709,1102
1709,1103
1709,1104
1709,1105
1709,1106
1709,1107
1709,1108
1709,1109
1709,1110
1709,1111
1709,1112
1709,1113
1709,1114
1709,1115
1709,1116
1709,1117
1709,1118
1709,1119
1709,1120
1709,1121
1709,1122
1709,1123
1709,1200
1709,1201
1709,1202
1709,1203
1709,1204
1709,1205
1709,1206
1709,1207
1709,1208
1709,1209
1709,1210
1709,1211
1709,1212
1709,1213
1709,1214
1709,1215
1709,1216
1709,1217
1709,1218
1709,1219
1709,1220
1709,1221
1709,1222
1709,1223
1709,1300
1709,1301
1709,1302
1709,1303
1709,1304
1709,1305
1709,1306
1709,1307
1709,1308
1709,1309
1709,1310
1709,1311
1709,1312
1709,1313
1709,1314
1709,1315
1709,1316
1709,1317
1709,1318
1709,1319
1709,1320
1709,1321
1709,1322
1709,1323
1709,1400
1709,1401
1709,1402
1709,1403
1709,1404
1709,1405
1709,1406
1709,1407
1709,1408
1709,1409
1709,1410
1709,1411
1709,1412
1709,1413
1709,1414
1709,1415
1709,1416
1709,1417
1709,1418
1709,1419
1709,1420
1709,1421
1709,1422
1709,1423
1709,1500
1709,1501
1709,1502
1709,1503
1709,1504
1709,1505
1709,1506
1709,1507
1709,1508
1709,1509
1709,1510
1709,1511
1709,1512
1709,1513
1709,1514
1709,1515
1709,1516
1709,1517
1709,1518
1709,1519
1709,1520
1709,1521
1709,1522
1709,1523
1709,1600
1709,1601
1709,1602
1709,1603
1709,1604
1709,1605
1709,1606
1709,1607
1709,1608
1709,1609
1709,1610
1709,1611
1709,1612
1709,1613
1709,1614
1709,1615
1709,1616
1709,1617
1709,1618
1709,1619
1709,1620
1709,1621
1709,1622
1709,1623
1709,1700
1709,1701
1709,1702
1709,1703
1709,1704
1709,1705
1709,1706
1709,1707
1709,1708
1709,1709
1709,1710
1709,1711
1709,1712
1709,1713
1709,1714
1709,1715
1709,1716
1709,1717
1709,1718
1709,1719
1709,1720
1709,1721
1709,1722
1709,1723
1709,1800
1709,1801
1709,1802
1709,1803
1709,1804
1709,1805
1709,1806
1709,1807
1709,1808
1709,1809
1709,1810
1709,1811
1709,1812
1709,1813
1709,1814
1709,1815
1709,1816
1709,1817
1709,1818
1709,1819
1709,1820
1709,1821
1709,1822
1709,1823
1709,1900
1709,1901
1709,1902
1709,1903
1709,1904
1709,1905
1709,1906
1709,1907
1709,1908
1709,1909
1709,1910
1709,1911
1709,1912
1709,1913
1709,1914
1709,1915
1709,1916
1709,1917
1709,1918
1709,1919
1709,1920
1709,1921
1709,1922
1709,1923
1709,2000
1709,2001
1709,2002
1709,2003
1709,2004
1709,2005
1709,2006
1709,2007
1709,2008
1709,2009
1709,2010
1709,2011
1709,2012
1709,2013
1709,2014
1709,2015
1709,2016
1709,2017
1709,2018
1709,2019
1709,2020
1709,2021
1709,2022
1709,2023
1709,2100
1709,2101
1709,2102
1709,2103
1709,2104
1709,2105
1709,2106
1709,2107
1709,2108
1709,2109
1709,2110
1709,2111
1709,2112
1709,2113
1709,2114
1709,2115
1709,2116
1709,2117
1709,2118
1709,2119
1709,2120
1709,2121
1709,2122
1709,2123
1709,2200
1709,2201
1709,2202
1709,2203
1709,2204
1709,2205
1709,2206
1709,2207
1709,2208
1709,2209
1709,2210
1709,2211
1709,2212
1709,2213
1709,2214
1709,2215
1709,2216
1709,2217
1709,2218
1709,2219
1709,2220
1709,2221
1709,2222
1709,2223
1709,2300
1709,2301
1709,2302
1709,2303
1709,2304
1709,2305
1709,2306
1709,2307
1709,2308
1709,2309
1709,2310
1709,2311
1709,2312
1709,2313
1709,2314
1709,2315
1709,2316
1709,2317
1709,2318
1709,2319
1709,2320
1709,2321
1709,2322
1709,2323
1709,2400
1709,2401
1709,2402
1709,2403
1709,2404
1709,2405
1709,2406
1709,2407
1709,2408
1709,2409
1709,2410
1709,2411
1709,2412
1709,2413
1709,2414
1709,2415
1709,2416
1709,2417
1709,2418
1709,2419
1709,2420
1709,2421
1709,2422
1709,2423
1709,2500
1709,2501
1709,2502
1709,2503
1709,2504
1709,2505
1709,2506
1709,2507
1709,2508
1709,2509
1709,2510
1709,2511
1709,2512
1709,2513
1709,2514
1709,2515
1709,2516
1709,2517
1709,2518
1709,2519
1709,2520
1709,2521
1709,2522
1709,2523
1709,2600
1709,2601
1709,2602
1709,2603
1709,2604
1709,2605
1709,2606
1709,2607
1709,2608
1709,2609
1709,2610
1709,2611
1709,2612
1709,2613
1709,2614
1709,2615
1709,2616
1709,2617
