190800
64376
65408
36816
89840
78848
32920
124008
80552
86464
51896
130952
84144
58216
43224
69064
54536
72960
69432
88960
63968
52864
45248
62880
82832
105160
71104
61928
67232
25456
64280
92536
55488
43792
81072
70016
105280
69680
42184
58672
129376
50232
70672
74984
65696
48800
38680
63488
75520
77192
141528
40584
100264
109472
171640
49656
54080
76480
56392
168080
161816
66160
80712
51448
97856
64272
46648
135424
103232
154160
78792
80264
63808
74384
27408
71968
79240
57456
151792
123848
107552
59696
60888
52152
66016
41328
148344
161232
43312
77992
112456
75392
61152
56664
116552
61432
63464
75400
69288
138080
74616
100880
50640
130888
86312
60216
153280
107008
80864
97032
169096
302480
250728
263776
206728
195504
132624
78456
140336
120440
121984
71128
100944
116128
68088
127192
79280
80312
145472
126376
127616
253344
125976
208864
99136
157160
38408
237848
148440
90968
139672
75312
127680
152856
101528
116856
94480
129960
77408
157520
101728
102632
98504
110688
76944
85040
119112
1525600
182704
123064
144136
107056
256440
172152
279176
381408
379784
349088
377112
461400
547576
197200
88160
337832
147600
102616
107744
139968
146280
130600
152728
148136
105680
124432
83792
194720
163536
114992
121584
176152
171888
99272
521640
108328
120832
69432
90912
124344
91904
155872
87696
117088
83056
126744
71832
87784
118008
70728
99560
188064
82648
120560
104352
243040
136008
100456
110560
162120
118728
113248
85440
134840
94736
131120
102560
197640
145664
107736
104088
97232
218032
106992
110912
57944
79704
361832
311552
113464
124144
115024
107888
107488
119264
121136
148240
88976
138384
123688
113312
142048
136072
61704
80152
72400
131552
198544
108832
118032
131880
132288
86584
71416
125328
86048
106368
140192
162808
75832
211152
210552
137712
127216
99792
123728
82504
105104
101776
167784
102104
146944
127424
165240
128848
158624
91048
118896
92072
130832
143720
190568
142088
104208
100216
93728
127120
88704
192576
88872
119920
94328
116040
134208
86528
83912
104856
147488
92984
138888
236408
122224
158960
98160
108264
110920
244352
219480
97752
157480
143152
193056
317624
156264
179656
212704
98456
67272
111600
78736
69288
73304
126744
91704
130040
158976
131840
76536
54616
156464
159624
152088
154808
111872
197560
122192
88848
111464
151752
99560
155344
154432
131640
205360
155136
132512
135544
101056
95424
153520
215592
94016
207744
181488
108984
97880
201944
67088
154016
106944
117352
98432
142184
86712
147176
74976
99888
225712
222360
142392
323032
132912
241640
76560
90864
188960
145504
123792
66096
118128
99360
116912
117672
115760
100008
88168
115712
176536
183192
156464
127168
105888
139568
98320
135552
111344
184192
132800
139392
133696
162712
167968
151920
144288
164472
192312
150512
154160
152512
119704
104184
94272
121056
139376
89152
197528
127384
141768
134376
149304
250688
141392
130432
169056
79544
127816
86168
97792
142176
196288
173560
181232
151600
193128
98144
112520
166744
156368
171088
205096
123760
90680
137400
207776
146864
90456
157512
151528
103240
100176
129176
163864
150000
148856
163248
245088
131272
109408
133016
115528
111848
154352
138368
119944
134888
64064
115712
124408
137224
80720
88384
106632
184872
160136
142160
136992
157736
99624
148920
121496
150968
159136
184416
224048
195312
119768
108040
145064
216416
116496
72952
72400
166000
130352
123128
189696
187288
181464
151536
150536
128808
167560
95224
143768
158728
139760
136424
186712
100728
118448
111696
161112
284056
249328
220128
344152
247416
239296
315864
255992
306176
245488
318120
290504
247184
253712
267552
207600
232144
298112
316616
222056
199688
264768
167288
135584
198120
199608
168544
207832
199528
196088
355808
360872
170656
163504
172936
195456
186496
206912
264512
216640
206304
274608
297248
172136
191496
220456
155952
199920
207624
254480
232864
224904
211880
236328
336944
348264
223952
190144
178392
230648
170280
182416
225104
203216
217704
181656
165616
173880
241344
179232
215000
213352
220008
190640
176640
207528
229384
160608
141976
181856
160912
192328
229936
260896
172984
147496
158984
186216
235648
168576
133960
157400
183056
165040
184792
235536
176752
140536
158608
209104
195128
186864
260080
198624
146888
175160
216776
219224
189152
197288
237328
214176
140792
187144
145712
126544
131552
111056
147368
108504
138032
117496
105416
113024
124448
103008
118584
112680
78328
113512
125624
127400
147240
105408
124480
119464
136064
144552
136672
158576
134232
139728
129832
84568
91544
93000
125840
108776
119944
107856
150384
155104
153704
160136
315336
458592
485264
251600
124320
103144
151176
130856
126272
113936
63880
60896
74056
95376
84368
135792
142160
105968
113728
127192
71728
112584
71088
85296
119168
82064
103776
94416
84424
107104
100720
104520
156528
147032
71480
65976
77800
68064
57880
72856
132776
131920
98176
80384
77512
73168
125904
92672
75344
80112
84864
68216
77360
86096
95528
80112
91440
63384
70768
81600
113016
66744
102728
56736
56088
72400
78736
65904
54576
61816
68792
60872
54816
52368
87536
95472
83328
89608
89680
99552
71056
63064
63216
62408
80448
86136
71768
57712
60792
54232
72008
47992
55408
53232
49456
57392
50856
55584
45272
39176
47736
57264
52608
51312
48784
44840
44752
56472
47008
44168
44808
65184
62264
65576
57584
53912
54616
64672
82728
46240
53992
42832
55848
54624
54832
43984
51752
53472
112568
84896
73600
57776
54136
109024
176504
175880
173248
209160
154656
143952
164952
164192
134800
135680
153032
138424
160456
143968
120272
124352
154256
139464
134632
123168
135008
134720
135664
127272
100512
91200
72248
41872
24128
28128
37320
28592
44568
35856
53136
40656
37496
32576
41696
35440
34056
39216
36192
36336
66368
20464
19624
21664
17304
21304
16584
23080
38480
22464
21616
21064
14016
31200
17664
18120
21088
23832
34376
20480
73408
121824
130416
112376
132600
110576
107712
97352
117208
109136
126784
174944
151328
151304
116784
126008
119816
195296
157472
157128
156360
240520
264096
298744
261896
277304
293936
280648
295784
314808
308240
278192
258720
274272
258528
260160
252704
251120
244952
257784
245448
195384
173600
177864
176432
180552
172936
175824
182160
190320
181400
159456
152304
162736
155656
135408
94304
33424
45048
18960
19928
34664
29944
30160
17680
21440
16952
22480
19376
18424
15320
21896
28616
23480
17624
16904
19384
28936
25792
18336
22200
24848
36576
31200
15840
19608
22448
21456
20184
26152
25480
16656
21120
57088
160744
166576
173856
159832
167912
155808
149296
162504
165608
170408
160472
181784
150304
118424
136416
156584
227560
156032
187640
186856
276680
275640
215144
1706968
749368
302144
291600
322184
284176
287424
232744
113736
88832
77976
91504
92872
71520
65616
63528
74040
61264
140584
207504
189784
198968
118536
92600
92648
87096
72776
88648
80448
101368
82744
106640
220184
173592
175296
162288
148176
168360
173008
156480
166136
145968
132640
116008
110160
118352
130656
147280
117280
126336
112288
117472
104944
84816
84312
86304
96976
94080
90848
102240
86520
128896
131376
105240
96384
94200
75560
84064
84968
78672
59888
80528
105896
156728
176064
167632
168472
158176
172544
202360
179064
188232
178856
201328
216600
239456
230368
217944
220696
237264
232912
220216
178576
115760
89096
81240
91712
85072
95184
87144
106248
89456
133736
144536
114072
68880
121096
111384
109944
127304
148896
131792
125376
133616
160208
153584
88048
53536
62976
68304
42672
66896
60264
61000
44240
55312
51184
69256
89496
102232
85768
111832
113496
116736
104912
158496
130816
122664
163720
180368
131168
112240
116280
108544
119056
111640
74968
96904
137216
162936
133760
143296
156472
125504
99376
134048
142696
155464
128248
199944
245024
263808
231864
262672
165576
109048
130896
217840
253904
153664
263464
252696
142752
94792
78440
51336
40784
54672
65256
62272
61776
87816
159552
108000
106464
83592
78256
90720
163952
209672
149872
169584
188296
186392
96736
74112
94160
59704
83352
139096
166904
73224
85008
119328
83776
88464
107624
103104
80592
135184
160320
180808
195848
186656
236448
176752
167448
218288
206288
181696
161360
110304
133640
141856
113696
117504
95544
84544
125464
114616
172296
364872
227192
270952
273976
205272
233472
248992
196944
174552
175768
177608
91264
120624
138856
193664
128992
165024
117360
81248
70120
72768
114320
98560
150280
144472
181336
166184
154056
161112
178432
175184
218184
187464
159512
89528
135360
169488
246704
324952
337432
330824
256984
356472
340368
273016
330704
222544
154576
191032
132120
175400
137176
101680
138856
189264
158488
187728
137080
149608
138528
141472
126888
147896
155856
125680
109744
165816
228912
186016
190256
247664
216224
266976
259272
236792
259520
230488
206048
124232
153096
162184
154152
126008
214648
249088
178544
193192
84264
96696
193320
113920
76112
103320
110992
99424
126376
121864
105848
162288
144168
174816
187304
179808
136800
117344
116560
128552
88056
137472
274888
90160
131928
97320
70888
88568
119920
57256
114328
144608
201888
217984
245312
197520
151528
236856
131736
194280
192760
200280
257680
237584
186384
212392
245592
186520
271752
245408
208264
203224
117472
201696
129384
177040
155656
141840
158800
196296
298064
191632
250528
291760
321008
275824
253072
283616
263264
238912
231088
200528
170360
105120
105328
137528
205584
168784
150224
209952
135672
166512
219048
145432
203680
203544
179152
208504
166120
187960
199456
96368
168032
101824
146880
125128
109032
93952
154216
127872
147416
123648
134008
183168
128392
222296
218104
208408
208048
236296
256344
320544
276976
254520
353752
229776
219424
172328
201392
231168
185920
246712
233656
269536
195064
182680
168360
119248
131144
172256
245568
249568
296056
404736
264832
274184
356248
486024
550544
306720
185248
196128
177712
179040
163320
186496
156032
183840
158256
152264
126360
80920
99504
94064
165392
85208
148632
295232
409384
430120
221688
167224
211376
149136
155608
124056
102800
130728
114184
137248
140928
226248
91216
180016
166600
256408
236416
304880
247088
220120
171912
221192
217896
212352
202168
171064
173240
157816
150824
162672
135208
142376
137416
154680
131912
112608
177200
142856
120928
177528
122184
204576
195080
366112
433632
184224
162360
202608
179128
207960
212360
194064
167808
177472
171304
149104
195144
165776
241480
182608
178696
189952
186416
222648
230184
291624
285856
300488
218512
221360
192088
193352
223512
276432
216096
252752
229048
282504
242040
232952
212448
241992
248496
236272
230920
307320
283536
243720
248552
264840
282408
391152
337584
305696
316480
318792
300632
299208
318688
234432
226360
206616
298120
256832
190392
196120
234104
241136
211232
217224
248248
194376
182360
192640
185624
153384
188568
185320
149880
215056
158192
168416
182984
282088
220848
240472
279376
222992
194424
139008
240336
272112
233136
189904
216456
206680
190928
216424
191064
114688
74936
74232
197248
186128
273520
172200
145296
201888
225552
225912
218728
225272
171944
193232
173848
184408
146640
184712
188160
212840
168648
249880
269480
197400
227928
244272
157704
191848
184552
216424
206032
159688
201544
243168
214280
191736
208912
155656
189280
148552
237392
251216
249288
320096
244448
226520
254592
306352
279104
312624
211224
212448
175528
187392
275336
176736
199200
282352
295192
258176
321368
259824
335856
342632
351344
284864
272728
273632
259544
377224
314736
254368
295472
158752
174736
221544
169312
157632
180192
318232
296064
152520
179568
164152
136320
216984
117432
98504
127632
213824
176256
200048
136208
193072
183064
221336
188712
180832
218616
142096
200024
208072
203232
206952
192192
182792
223504
320936
315072
214560
131056
197080
189920
116304
159872
161832
178280
164856
211592
224192
217408
189608
208872
266880
212648
228984
193528
236512
331736
284152
264784
366456
325288
274584
294488
244560
233456
189032
150664
196480
215408
170056
158384
160192
165656
264944
183280
223888
143264
157136
191496
171304
220152
197280
178440
204288
241496
216720
231640
229792
224296
162960
142216
205408
181872
177040
276472
152040
157552
148032
143256
181784
209400
156520
150464
164168
199088
169976
150976
121920
122848
225608
259808
264416
185904
209880
269600
165816
1370448
1977072
867936
194624
200040
241016
187608
271288
209792
212120
276576
206160
254608
252616
262480
208448
203856
154904
166576
194168
145912
170512
176544
192944
189904
149200
140856
166952
235840
190008
208968
146280
174824
187112
199432
204984
235240
202112
213584
203152
202968
482520
831808
413064
463744
265184
221704
196392
218656
216256
187760
158864
226336
241728
261416
313144
279120
280208
212352
216384
242648
218944
194032
272072
189816
226808
198032
394608
201664
376072
181496
317632
331088
326704
395328
416648
256920
229168
360816
324256
308920
348288
327936
413704
292552
258592
287136
254088
773064
706000
161808
233936
332880
1358216
282480
332552
212328
252528
444760
270184
279600
304400
268680
192872
266784
213792
209360
285888
242792
262440
231800
226000
221088
280496
244792
246952
240656
296960
270968
361792
368576
207264
314376
593232
665640
244352
222128
183296
165552
151368
166624
240520
205592
185008
256816
305368
256448
257576
348656
243176
301384
205600
178752
252880
229624
231816
167976
243504
436248
430592
263768
223576
650400
479784
252024
196600
274608
224816
221256
204024
250168
176048
170248
177360
277176
192840
227360
184688
263488
291200
227344
238064
186576
174360
216568
249072
148680
199640
182240
168832
219432
197816
202112
197360
294144
214616
212664
194456
210984
235384
261240
243344
301080
273608
285184
333520
200208
235808
280072
207208
189896
211144
261688
258552
283136
218232
257112
242616
224256
181848
353816
330224
240832
371200
270152
234432
211912
235600
239728
254488
172872
209816
265760
334992
358656
456728
406064
282360
209952
251256
268944
273680
277968
273032
243552
206192
234720
178008
202488
248792
264888
277776
239968
251208
308808
335664
251008
209096
220800
203304
200120
166816
162864
255128
183136
220560
212328
171288
137072
202472
271224
206488
165040
212600
198576
190736
154456
169464
232360
186808
252584
209552
163376
238832
192344
215688
192760
215696
176776
175928
177896
112000
162352
190088
188096
90552
165240
184632
155128
207792
235736
193464
158096
137584
108888
153288
121784
143928
161544
118584
113184
119656
125472
123768
171304
154448
149504
157024
123048
153000
182104
147496
144224
147768
172096
143512
116008
176792
164168
108624
110448
110936
121536
132760
104600
94272
121336
157656
139736
125752
161784
137976
137416
134496
194488
151704
263032
147800
154888
132072
181136
190560
179200
189384
173032
164560
186288
220776
529232
351376
243584
263240
208200
254968
177144
184848
173680
157488
141456
154664
174160
179008
129208
133248
82664
47832
43120
54288
32248
52792
39112
50936
43392
35776
26696
49152
63640
42080
43504
44984
44520
60080
62928
44288
32064
84800
121504
108136
94840
103056
111376
109240
131128
106088
117008
117712
164960
222968
180248
142992
155624
148288
200200
152712
154592
149408
202552
181840
186360
181304
181936
205168
114240
104184
129696
77760
31632
71328
92768
89480
81008
87784
81112
74512
76152
117888
134552
143128
126528
116848
127128
133320
135752
135440
131152
110712
130784
132928
122416
155888
125752
130136
136400
144208
145168
153960
151640
157432
160488
171240
165568
162288
221920
160064
151136
184408
191176
253224
239496
264840
279976
275336
288504
273472
254472
246272
243536
182760
197552
182432
191528
179384
201704
192200
182800
194848
193848
201920
191512
183536
146288
112096
97984
111992
136848
172688
193448
324080
348112
330024
333304
343120
334664
332424
349904
322904
238480
126912
125888
129192
137864
125704
127184
125496
126488
142832
158624
211232
216408
207576
262760
211008
218528
218080
218392
215736
222336
195248
190168
191600
187192
221504
213048
190416
189720
164344
191472
200304
184744
182984
173656
181520
169208
196200
185120
114160
72024
31968
201096
305880
332632
308376
212920
174272
154424
154528
167824
162944
158792
172560
164056
291640
307936
309792
313216
310496
309304
324592
309864
333424
231992
243624
309496
326864
313408
320392
227992
335832
348424
336240
328736
219256
199784
184008
176624
191144
188208
194104
186736
180784
182480
160456
156208
167192
154768
160280
154928
150608
165472
154416
122680
90784
132648
102400
80280
71176
110216
74560
82760
120296
97424
128448
172632
161368
170896
187656
170928
185440
160208
181952
174408
194424
376064
382200
349240
371360
375008
351000
388200
344408
337192
304752
171728
155888
150680
167512
161856
175888
172176
167312
168096
96400
49304
139392
1740360
527480
140768
86944
67768
57808
69632
62488
207664
311344
259480
205128
311208
327728
330360
342344
319608
316488
207064
162680
173288
176280
151856
136064
138624
127528
133856
153080
115648
83960
68432
86592
91872
71480
79768
78120
80056
84184
130336
109232
105264
103776
112216
113424
115360
186440
114824
126560
119984
111672
136808
166136
124256
131912
138272
144088
126120
116912
93016
92776
86880
90872
78008
87824
82472
87760
90408
76328
94032
198312
205248
161536
189208
192560
190936
205152
194568
188864
188008
137688
151920
148528
162304
122616
184048
167512
148184
81104
94552
120688
87296
111672
178320
93216
100760
91168
75440
84248
73184
67696
44632
38608
36232
42848
46152
79880
41000
26704
78936
99080
95008
109128
87984
73368
57672
94704
79448
79776
69288
66184
41240
34808
48040
28960
40976
29280
36752
45312
51016
40704
37984
36536
33112
46456
27424
34064
67792
42288
44744
62056
47368
75360
119168
68808
69648
41048
63184
135440
64784
138384
79064
97880
65472
69592
64416
67520
49520
48344
85128
112712
138624
68480
77344
115984
111096
107344
118888
123416
133448
166832
305480
300816
371128
318752
333936
307408
387200
297656
380336
323744
87008
96792
111008
88640
112648
115624
87440
157168
154040
161528
179176
216568
180992
177432
169200
189456
151856
165312
201832
210144
196528
242096
207616
229216
207488
218096
278968
232480
155904
89816
133912
114984
94720
93232
83720
54592
53544
46720
151352
262880
244600
223312
196784
185480
204840
268496
223640
198480
136440
65896
89816
91248
106592
136552
103680
144872
125088
146800
159232
156344
126200
139864
158480
172736
181480
193416
154328
211728
221912
129184
127456
123624
136160
146192
121920
110952
138960
109624
100400
66080
71600
83816
92424
96216
76168
90016
80200
82064
105744
114744
215512
183080
114368
118344
114016
109280
143664
132792
192848
206584
234104
274256
233024
251256
231672
239152
210824
213296
261592
413520
352856
348688
338344
375816
384944
336912
316032
355904
394488
200480
112360
126400
159360
144808
151200
105208
113312
123888
142592
91976
182912
136800
236936
409280
440648
394784
412832
408512
403432
366888
280696
159648
206424
153376
200528
187488
228416
235840
302784
169808
60288
78312
74464
155712
85216
250520
890264
423112
40848
67832
93792
271096
265776
295968
275936
292480
292168
281104
303656
296056
236696
273672
239704
234808
218744
258224
171328
169920
198504
152408
222144
229416
158960
168040
187664
199168
201040
188840
204568
146784
189880
180696
180312
255920
185192
239944
203272
199192
174760
211128
187664
222392
220720
240728
204864
242424
217792
273712
202184
225320
215056
205816
249072
242776
206312
186376
199616
198648
202736
210480
117240
142520
150208
123600
163952
132888
144592
207480
158832
136576
194840
199752
174704
149176
231936
190144
189576
228536
154360
192744
171184
220328
154584
195232
232504
262448
258520
250176
210000
184064
136480
174704
219384
108024
112872
118032
183056
143088
207872
200496
138984
167192
149776
180632
147304
148896
289576
235184
138912
102552
153720
130728
128344
129624
177768
165728
178632
169824
182248
217320
267328
191432
178448
191568
213424
185528
198128
191960
214888
340664
234304
239648
205056
188544
239976
229144
206688
318688
299840
199688
246520
200768
184912
238072
187128
199680
231392
196800
172256
152176
196432
142624
183832
127336
153632
153480
153864
141768
156672
247216
229072
218216
254560
224400
229904
224680
166288
140952
156200
103096
138248
168160
119504
118240
148120
200760
102616
184048
163544
205064
215432
225136
262272
242664
234368
249880
248344
270920
187760
211840
200712
211336
204848
188152
155416
172096
158496
181464
256280
167536
153928
303320
293288
152376
157296
179944
211104
200152
176792
175568
214592
145152
208864
192728
177864
196280
166440
149472
102592
189496
229616
205072
192744
230160
174840
160056
135816
170424
213424
150224
150536
153616
152656
128256
125272
124304
143072
141048
158480
156344
178488
173144
175104
171752
172312
169504
182920
141360
180840
136040
124152
145920
124264
134240
141328
121392
137392
143160
133744
200008
134648
148200
171544
182016
164048
170280
191032
249880
153392
159560
166768
150312
116704
151224
131968
114384
174200
109208
148376
139288
134984
203848
321864
251728
198320
161616
118640
173712
151208
137728
156368
112640
151248
165976
161736
182200
251992
269472
216856
197648
156416
118920
73200
121824
75880
50736
41824
80856
97472
92448
95816
74256
97472
49888
127184
82384
78576
54288
70504
97120
93376
77200
58288
72568
59984
55200
75472
98208
69600
75024
85608
71832
84104
47208
50152
42232
110080
134128
227192
217760
182152
206672
143664
128920
190280
158880
145232
163496
146144
195800
160968
139080
126848
147760
198208
200936
128936
169216
194424
168520
176192
197032
184560
161520
231048
203816
179536
259016
176120
207768
152280
165456
129360
163984
189744
159136
84608
117560
74960
140888
131680
114704
85296
72056
101728
109984
141856
116000
120104
87800
76376
81056
154224
190296
201616
198672
149184
166080
174704
196936
87800
116320
154680
149296
132840
103832
114408
99800
141864
146632
129560
154688
138672
181328
167728
132344
181112
177616
115544
103440
159800
175040
193824
197720
158240
195848
158072
214944
224672
221080
160720
200520
185576
264704
198664
189336
181656
270624
237936
167376
188328
118688
126200
165120
155736
163680
157504
113544
150328
134288
178016
175352
158784
166800
174792
165992
152872
142544
160496
209792
206776
181944
186584
179832
171240
179240
219672
243552
249304
268384
284832
306664
359000
355256
396088
380984
389856
410040
411848
429984
476344
244696
178256
234984
292016
245432
208440
251944
188440
174752
201960
309072
291024
370504
343480
238336
302168
188632
174328
149944
150256
150392
104760
120648
108768
129752
125760
93864
119136
105672
141200
686000
703480
609616
266112
208440
212304
275624
206920
249392
242752
231992
242624
247432
280608
246864
313240
298344
274704
377568
275328
217888
226088
260216
227184
271048
203904
217256
208824
201008
186392
194568
203104
172064
211064
239960
157104
167600
217440
168744
192800
147808
174496
139280
154600
159056
139848
168904
170264
177744
262872
265440
318192
264000
271744
215144
466432
277456
169120
199176
349752
313096
269592
158000
134392
209456
210600
145584
184544
137776
162808
217656
220048
383024
335904
418336
374848
441008
441984
376280
408504
394424
307360
124040
135848
129464
141072
191464
176816
147176
203784
206768
187584
225944
242432
236008
212072
185240
199736
207000
188024
66544
76152
88408
93440
51632
87848
86520
60928
73480
136168
201280
291200
338080
302960
397168
362368
397976
379648
344768
303304
215568
114624
126312
205840
202688
207824
232936
210960
254720
200024
211816
207952
203224
194992
206440
213304
198304
172608
161480
211424
184840
187464
158192
207800
238712
145760
156600
171184
170920
175272
215408
106040
77792
96384
145368
119152
184608
144792
113568
195112
77864
60216
109912
57456
144304
60424
94800
137496
125328
71904
135072
150872
124080
82216
113536
97768
112704
133528
272752
309584
309768
375392
282856
303808
331000
293608
165024
115760
197984
124296
154096
153112
231720
232400
226752
183816
153648
102104
188632
207152
211296
168064
147304
58080
49496
52352
46584
53224
42472
71192
42776
41624
47976
42552
61888
63376
52808
40696
47512
63152
85376
69584
41176
73592
80328
68816
49944
41040
35960
40568
84664
59656
34904
67336
54744
70656
70560
53448
77064
42880
93040
54576
51168
67488
57168
44616
29544
78264
53096
25680
48696
35920
55472
52856
53792
45264
59624
58488
43968
43744
76200
48112
66208
25608
50240
64568
50616
42616
44208
54688
55944
145992
49488
75184
48832
51448
26000
41800
67912
23440
79360
43560
43320
27952
32768
68296
56720
44752
51880
44952
38424
51072
43024
57504
65784
29704
43264
60608
32992
43224
50720
215472
390664
316744
54224
25008
26688
60384
47424
37368
48128
50152
35632
24408
47112
43904
25976
27872
21776
41592
53136
67032
44264
36640
31208
37104
28872
43904
41936
44392
48248
62824
88824
46096
41616
45056
37592
42368
91688
56064
25368
40920
27064
24608
22032
32048
31440
23896
36496
31752
26952
33888
39544
39888
38664
27232
16776
43136
59800
38552
21608
17864
17960
14448
27480
40456
33032
29872
62040
22440
26576
76920
26256
29264
26040
32456
27048
29376
19008
21920
19312
31144
25600
21600
26944
24096
24080
40048
31256
17096
24200
66680
30168
16304
13928
17088
69784
47400
31536
28576
20520
19336
16088
32120
17648
30696
13672
15344
21984
41528
29360
22392
13208
31120
12512
34648
12152
16528
13160
21960
39376
13296
23056
12208
11576
9456
34288
12320
10216
21160
23280
28376
33624
13984
23912
26824
17688
26656
17280
11976
23936
14072
33432
36408
20304
33968
24520
14040
23184
17272
17720
11872
29840
12320
25240
22648
15496
39096
16480
25112
21296
11824
13088
13240
15728
29344
16408
17192
114184
20552
38928
15232
12832
15440
20992
16656
45080
18792
15520
13320
22272
22304
32096
17376
14168
13392
24008
24760
14456
14296
18176
26776
34800
20384
21648
12344
13792
17680
34600
10888
17088
10552
9928
48592
20320
24064
30648
17544
20888
24488
19152
16216
18568
26520
22832
15240
11840
19008
24984
23800
33904
28408
18040
14936
31736
24112
23064
20600
14800
27768
23400
22312
18368
13416
31152
9144
14168
37272
15936
20656
35216
19528
34240
21440
34784
25024
15584
22304
24400
14912
23560
12360
14144
24816
12736
10920
18664
21680
26600
58264
14272
14392
25056
12408
28576
15856
12296
48328
26352
30136
25704
17568
16048
14432
19928
27376
69776
24024
18152
30152
49760
37424
14992
16456
20208
14056
22544
20344
55344
1709960
430256
24288
22984
14864
14136
31984
12856
13200
23752
24616
35488
18080
67272
24568
14336
21760
12456
15384
19624
23072
31896
20144
15736
18216
25648
26072
24200
24784
19400
31296
29176
41344
21040
19584
21480
103232
21840
25672
13296
18400
23968
25848
13400
43000
15088
18720
14000
20736
29160
22680
22208
15608
47736
10136
22152
45528
17048
25048
22520
22248
48416
21440
13832
45256
26424
13424
18528
37976
20800
25736
37912
13784
112592
18360
24184
16144
17408
36016
23248
14128
41912
31768
21312
20520
29008
43088
28360
25656
42448
23376
44072
32576
27696
27248
117304
34144
34896
15168
20400
13064
36768
28232
56944
13624
12504
23008
30432
35736
30264
36680
19904
25680
27584
56568
47968
35736
54248
46288
53216
28512
43904
36920
18824
37704
53936
30744
31456
23640
22320
58656
40432
43800
30624
43832
36192
37104
32672
18408
35616
25480
37856
54880
33592
69584
23896
40712
76024
45872
36760
52576
44976
54680
105808
42144
74624
77400
53232
36008
43176
71000
37504
23896
75144
51000
12616
28136
45336
20168
50256
22864
40008
15568
37384
43400
39688
34144
45200
35544
61928
73920
75664
41912
100832
20936
21968
37760
31104
51488
91960
42320
60984
126712
105624
51656
26808
67848
38632
40656
52008
45664
103496
58624
44616
17848
36144
62200
31512
61048
45872
80704
34856
29200
58592
73920
46032
35184
46088
55312
36320
72656
120928
58688
81888
56632
67680
30648
163320
38040
108312
112984
129152
68440
69392
41472
66224
84752
46488
46624
45608
48424
78824
56560
48184
39824
21280
49056
48776
30032
41920
56736
99992
66336
169824
114848
54744
85576
44512
42152
93248
50040
90576
74056
178208
57168
84848
79768
23640
70056
84680
79152
51216
111256
24040
128128
40064
45744
100024
54032
46656
96648
45856
48376
105528
97016
36304
44656
93328
35736
41352
69896
45472
39512
73272
43120
67728
44424
73536
91592
59672
47696
66472
116888
117536
59792
114616
93464
106232
80064
98968
111656
63552
78064
35560
100992
47360
48248
59600
30640
35976
91968
74824
55040
60208
75936
96064
29552
60592
36824
84952
63952
86912
46880
61960
83304
70992
87480
91528
109200
81744
68360
101976
69168
51072
39680
53608
44704
32976
35016
53944
22648
116112
59336
54448
41256
26008
54576
26744
33632
55656
93280
105224
43936
73416
77936
110256
113192
79552
91456
81824
48584
59360
113584
97432
76560
66808
102888
75888
52096
45864
28720
107200
111576
59616
88920
52984
79168
101280
79744
66392
104344
49112
49104
72600
76568
60920
45104
126816
69928
78656
88280
69208
62168
53904
46376
57672
57152
21624
54544
48968
89264
62376
57784
76448
109168
98504
78144
66224
69808
274648
435904
540048
454784
437184
189504
55472
68976
72016
52144
77944
171664
110208
70880
123056
59296
90896
150520
123112
116832
119024
106192
82552
125584
129648
96120
88800
130328
122160
70400
94976
103632
79168
67080
97152
109984
100840
89664
133160
164456
131048
140552
101096
47904
48344
56208
92576
79712
86488
37312
157352
95128
68856
55200
59896
44928
99736
73776
62304
81192
50000
51736
54912
67728
65984
65624
34544
54288
30632
55080
75704
100744
60624
71056
54176
70520
27344
59264
98544
92624
63464
78912
72888
64304
50288
78488
60288
53096
83360
67520
55416
118624
45264
55264
105944
46744
51240
96184
44560
63744
34752
56144
77216
38192
46424
54688
94896
41448
33832
65424
51392
55568
85576
68376
50592
33464
39880
82712
131208
277616
282184
154264
63192
46512
164520
111256
113128
65784
50712
57232
30848
78152
71472
101744
44944
64648
85024
64784
87016
97848
58184
52752
103264
39376
46048
75744
41688
55072
70800
89512
75256
79456
111568
102176
94408
109952
91320
55480
80448
28984
56408
91048
91896
86168
60136
39632
65216
75912
42784
62200
41568
62432
47440
79912
48816
86664
46872
125712
88480
39720
55408
84120
43856
51784
96328
90504
68320
84008
50512
61328
61136
23064
86272
30424
80984
131776
77904
35048
35040
85624
55256
70624
81624
45200
46168
81984
78120
75024
67704
72056
50872
379176
574544
593280
117456
77136
46088
54720
25624
78408
76568
63760
81744
108376
40368
105624
36680
112976
67160
90328
57176
65352
99568
87648
36192
59696
64592
72104
109392
70672
131688
58096
32088
63752
106720
64848
53176
53456
86808
83224
82616
64616
84696
48304
38576
38400
113528
105000
80232
55336
32176
73096
55256
74800
88088
34248
61944
69856
80784
38440
31536
47000
90232
37680
32880
57496
39160
79328
71872
54624
55408
84624
74048
49648
30776
57544
33272
57176
97096
76376
67136
65560
47456
67096
78488
70080
48040
103504
69192
77704
90560
44896
64912
57112
44168
40776
56616
73768
44272
42832
61040
43304
116160
55416
13712
59960
77144
70424
31824
52272
56328
44768
90248
65680
75944
54968
36928
58232
34264
54776
50160
54776
52016
67880
60488
98928
54888
79920
35488
71224
49584
49736
22664
58376
51568
47024
43464
114632
120984
36296
63736
47160
49608
44248
77072
105296
102680
76744
73696
46352
61072
65848
54616
63808
34384
84448
86592
33904
50888
47376
60216
97304
59448
60560
37040
60312
49704
72064
71784
43216
74792
52008
62888
70008
43792
96248
25264
26768
66968
35704
46600
41112
48704
77936
17856
33928
39352
29368
55816
45664
42312
61240
82488
40384
102048
71688
108688
70240
87448
59808
98768
50216
46160
37840
109480
71624
52728
84224
77376
75384
110728
90880
97616
63504
49544
46232
39104
52320
47400
72296
74080
41344
62024
58704
87920
36440
86656
69200
78008
134504
113672
77512
69480
45208
57568
90168
60512
86712
57752
93056
58176
46744
58016
69960
52792
113736
75792
62664
34312
59616
90168
41784
128464
205464
42352
68928
75120
62776
66648
31088
66112
111336
80456
59480
78432
52960
48664
31616
79528
76328
44296
51456
69296
81680
91008
97168
52648
66464
239520
58592
76112
86248
63664
67288
53568
44616
73576
111072
91024
61584
71592
57936
94712
74848
162056
40608
52912
74760
61752
88056
143392
40680
59808
72224
79776
49464
91464
96248
48840
220664
111944
125328
45096
61792
157960
28024
74752
87008
82536
47616
52432
117712
83272
116064
77992
96400
66680
81712
158544
57360
62280
98336
72184
48032
60952
66216
54440
63224
63720
62472
50072
32992
107552
38688
92480
76272
58872
61968
32840
66400
31152
111152
58536
76520
65528
80272
72944
135856
40648
93616
45096
67008
93432
96200
54752
57128
56360
44360
66744
34952
49232
51600
40920
68952
57568
66784
113152
77560
27304
48192
39904
59576
49200
64032
50472
63896
65408
86528
170904
67104
96152
75736
85872
55032
81208
141032
63648
59840
137008
95712
134864
101408
71048
46112
53976
80440
87008
43920
87608
51160
63528
76520
81120
128696
47368
41456
58632
61728
74144
30328
44240
87336
81432
88448
50632
91848
139976
35120
73968
65688
68080
31112
50248
126768
92784
39712
69048
78400
56824
55544
67264
70056
40832
79184
42208
74080
71592
35312
80440
150440
71744
85424
34256
69640
35608
62632
74984
87192
72936
48480
84816
94008
123488
87272
52336
57456
72680
48712
45632
41168
68440
80640
51944
96704
53680
64544
50296
40344
80168
26984
65344
52064
85344
48840
29672
30160
41816
34424
28096
49864
20464
51808
41776
63528
49384
31624
50160
42880
92056
25280
71056
23136
43696
40416
46632
28552
45216
42320
30336
43608
41280
48000
54008
45032
32576
48272
17272
74240
46224
45912
46208
71560
46544
16496
47072
35968
29192
58336
36032
53448
57232
62168
22512
85592
86544
58520
49320
41984
39368
64632
46048
54400
24224
33280
36312
40160
31408
42600
21584
26560
35592
32968
59344
33440
36920
79672
36960
24280
43320
29688
29136
37688
63040
24376
30784
64736
24808
33072
36680
46104
90592
35856
63440
32672
30224
32064
23544
25392
53720
39064
36512
31400
68576
25040
42408
24712
29160
15040
29016
52232
37936
63288
58624
22104
42616
44384
33232
26992
49688
43024
47632
34904
108600
19376
30776
24408
29952
28032
29168
21072
33240
27616
48848
23544
25472
19584
19888
36856
38360
68952
28896
25064
38144
32184
36648
34344
34104
46984
32568
21200
23376
28632
29168
20544
26976
21672
21784
47064
22104
31976
19008
26128
23856
25560
34248
25416
39384
34224
41472
16688
29168
20112
30680
30008
35560
16392
27320
17376
24320
30920
34744
57688
42600
17088
30968
44224
24776
23584
18536
19720
24040
22184
38760
24360
23640
22144
24520
17232
39384
39960
23176
43160
25912
26928
18328
19704
21112
25160
20624
53552
43792
26504
31672
19200
32856
19440
38736
15456
16840
15544
26832
21632
23968
15608
22056
24024
28592
17760
21520
16344
18488
31368
35976
20752
29896
16728
15640
24552
18392
24104
16128
12736
38040
10424
10888
26768
8696
17792
27080
82744
16144
10120
18584
28656
10792
19080
15848
10360
7704
20912
10464
31216
69896
12648
18784
18504
18768
23000
7688
8216
23184
16080
17040
11088
8712
21488
39168
9952
9296
11880
17056
19536
18424
14232
13384
15456
27256
21496
10744
8032
8832
10664
24856
7464
8600
10744
35128
8216
25088
10152
10992
18312
17384
9304
20360
11336
10232
9336
19232
31024
10304
26096
19728
35096
34864
40768
26624
32640
28136
61704
40376
41160
18016
21888
33672
20992
54352
58664
16720
23176
35824
1760184
463544
15568
33192
24112
24304
30952
25232
35088
17848
29088
45416
35440
26896
20376
20976
70560
37560
19600
32304
52232
28840
24752
31816
18264
49784
19944
40296
25080
16936
56240
22480
25392
26504
28616
20416
19552
28472
33864
27304
25016
22848
32824
16040
19864
37880
23000
17760
18536
20256
31848
24352
31080
38488
27560
27896
53344
16984
16800
17936
24984
32880
42800
30280
37904
32176
18896
43568
25040
31112
39816
30000
52664
30560
18568
28592
27752
15848
27144
28576
29920
17896
62224
15688
54648
33104
26880
22976
39488
29760
34384
55280
34320
46568
43992
40656
30112
25040
52672
38736
28984
24640
17888
63496
55144
28968
38832
14120
26712
44792
20808
34040
23920
21776
42704
71016
65408
51304
28352
40688
48920
46112
63240
29552
42912
36240
29120
53648
36096
29456
39616
55240
50752
44592
55472
67216
67400
63944
19600
41072
103464
44576
68280
59904
58112
23952
25976
29920
45856
73424
54928
43552
28064
18080
33352
59288
57504
40288
35160
24120
65904
57216
39968
47224
28784
70800
42144
30344
43696
22456
26232
35864
34656
67696
56776
78200
36112
36104
34336
62768
60664
39768
28440
88048
76504
58248
54592
47896
54120
48336
50280
66456
64768
19704
47320
76504
104000
59728
23856
55928
109440
83912
78312
65992
74368
73176
61024
37920
76080
134104
141864
75024
50048
118768
111512
83664
49928
141840
62680
77160
55424
59128
50640
65280
61256
31776
55872
35560
35664
105888
69160
82416
86848
157176
37096
73080
85544
57344
101568
68984
103224
45304
58112
69856
125824
86744
80600
63224
106504
80456
98896
45632
87632
99976
71136
91328
39592
117616
152328
112592
67568
143680
74776
98584
98472
45512
56024
48352
133560
106992
98160
80112
31024
62456
97744
73416
65688
63536
102248
92336
75528
77744
69808
35504
49520
69824
60088
46336
59704
83144
60400
63704
70344
93976
87136
62744
94144
48880
210816
205848
246136
212920
166680
98816
90208
107392
108520
84744
80200
101336
59200
167176
62736
46240
71632
100064
84360
79120
68752
36920
58112
119624
66576
85192
94984
56032
83600
61440
86224
135808
83960
84144
85624
70616
85736
70848
85192
48648
65432
56280
98784
79048
62992
87104
108152
113776
131472
71704
92480
68880
125576
97656
107280
59472
50248
96592
116608
88808
75296
89152
205096
146352
105208
128448
91872
85776
90480
111904
75896
63552
56536
144736
107816
117488
123640
73648
67208
86248
58000
90360
82552
139008
91672
78312
68552
100040
167600
143128
127320
91536
106608
150960
62480
111392
48552
82080
107520
68008
86784
101936
137336
96632
71768
61552
110000
143464
87160
73704
105048
90264
141152
60104
119200
86608
70856
118536
112912
62560
99048
62960
102648
94184
103328
61944
94368
77488
88296
88000
107960
103208
113120
140488
124264
100992
63328
74032
188448
126616
114416
182664
134536
151792
84136
93344
134760
87232
81616
128544
73392
83592
114952
126864
125536
114920
122088
151888
76504
105176
106720
48472
77040
90672
84408
70200
48632
79008
56216
77208
49264
85344
81648
77056
74728
154856
125752
81656
58376
122848
63824
62464
150768
77984
164992
154384
60256
55096
105448
116680
71936
123664
130456
70952
99112
64752
67992
96928
93440
182520
104504
94120
121448
96808
117592
89424
84856
110072
384136
130168
152104
76848
70528
174072
112800
69560
48096
101168
136304
108496
73656
96392
95592
144088
86336
89096
146728
75464
60032
176392
88744
100488
41840
118208
80800
115720
103504
159688
112512
75264
111368
101384
108512
411768
142008
90032
119768
106200
151560
75656
125680
105528
107304
224048
130872
148048
148784
103168
143376
844576
715464
113600
168152
116320
147048
139568
145320
156680
186032
79576
158240
96472
164448
113368
156256
68280
120224
102640
230160
310608
242184
164992
175336
97104
140328
169600
107632
121080
75520
108640
106888
124112
164016
203680
167944
77768
109272
164392
190032
236072
124032
130840
132328
96520
118912
103200
83760
93960
113480
101480
116512
128528
105104
137280
154496
122776
95368
142936
143408
179592
136448
103096
166248
79232
103976
173624
183952
89288
211064
159584
111096
126224
180280
203104
90000
250512
113424
128720
200456
338184
151296
87744
163872
182672
127784
169128
154256
104960
134048
174384
175472
153296
154272
163296
120352
161688
146328
117000
119232
190288
188352
116232
1374408
200656
120680
94456
142000
115224
184160
165496
85680
125120
141400
163760
226936
207888
136952
91992
215992
168272
105192
84368
75832
242376
109528
137600
182168
127544
163336
248120
241240
177352
215096
267864
245376
192152
163256
139176
145312
231008
157656
176992
93832
179744
200336
157920
134712
118536
147192
143008
232728
170288
206176
122880
120944
119080
132128
312304
116240
128888
143752
116168
222232
237232
196744
195872
134360
146872
196688
181688
166720
241920
142272
170616
166056
131768
166496
199736
153464
191656
162032
191368
275232
214136
164640
133584
189752
248032
122472
190144
121888
192464
187896
203488
190744
178528
178192
138744
204232
162824
230784
257224
152016
242808
197408
183912
153608
193008
165616
152824
135104
184944
155952
126896
204896
127328
158312
116480
152488
123752
185432
175976
181064
239624
207560
179072
176288
205760
176568
306416
155160
198504
186248
169792
160336
158944
164168
177480
237864
223040
242176
183984
229056
383296
357480
289640
272568
193280
185120
271032
280528
225808
181912
181160
188016
167232
159224
179240
140856
81112
91088
146904
134120
141888
96600
127568
148280
132848
175904
109152
217352
100328
112976
164688
116072
167576
145864
187264
251776
162800
113648
147776
236744
149208
167336
119416
186848
126880
152296
132704
189432
134664
182016
165096
310840
360680
590608
124848
133016
145864
141664
322984
382304
514608
405200
485288
453832
1593160
491352
185880
214264
161016
94472
178088
143216
156160
133632
107504
116672
133768
192208
214648
177736
203240
264240
115744
159816
183696
141296
197344
646000
89960
265688
223776
176296
181312
196152
145632
202744
157008
133760
192192
188976
185336
151400
147112
143192
145696
185888
96624
140488
166000
154528
399768
159736
131400
170368
129352
214800
204368
161168
157504
127360
269184
225016
141704
138424
141136
153256
116928
181744
197088
219800
240616
133304
168616
310256
112744
254792
177832
223496
152856
229984
263224
285680
309120
174720
83928
119984
154400
146936
141688
216632
183872
202544
166544
151032
103888
233832
378912
359448
380128
346344
384200
387400
297880
358864
338240
390792
282784
209216
226264
177240
220816
143144
111184
183776
108544
187992
206584
85328
108648
129864
189456
137752
265680
145648
175896
198216
124712
191000
160968
179640
204600
110336
189440
147320
148120
150344
141112
185816
189160
151176
105528
147760
144704
95376
137496
155600
219680
161008
113392
170768
153352
138232
171072
274408
165800
172136
142424
134784
172368
109904
130848
215680
151768
195000
219936
184264
121928
104888
138480
131360
223232
139008
96992
97872
132616
130824
130048
92376
98368
112416
119560
90968
157456
124640
106936
90768
208360
117824
121512
103976
99360
105112
96096
112304
170192
205952
97424
77736
153312
150800
93864
76520
68656
97424
70984
132736
71384
113368
177720
63544
84600
66136
135384
78136
114704
110576
66552
131952
93528
92720
106952
153496
108200
97200
43888
80664
78608
100992
98296
62808
165824
64208
45384
96448
82472
95568
90592
129000
67824
43560
88968
72808
80576
72272
94624
49208
44776
62136
82040
63280
56288
77640
61696
66048
27512
30008
68592
108184
49896
73488
56704
59456
50592
114992
75008
25552
48360
20888
44144
46432
55264
56664
116024
35824
63272
45264
27488
24192
51272
45048
46008
45008
64768
28920
34176
32144
74544
48720
45888
34736
81544
73192
34224
43288
23712
56600
30560
32024
37008
67128
47784
22528
24984
26144
61096
29000
13520
19784
44072
38696
34616
41696
44488
18280
21384
28096
59392
49104
25976
32976
45472
31904
27392
57304
30584
49568
68216
44152
67032
42792
63864
35624
32536
25512
32552
114672
38888
68344
21920
18136
39224
32128
62936
29024
32920
21000
30912
89664
53776
25960
22408
30744
49072
27560
43056
26200
28328
51888
26104
47304
53808
17928
30192
26800
14456
12168
15672
19088
28768
53888
18824
13488
22824
14520
36672
39184
24712
25776
42040
14608
33960
53176
11760
16904
14344
34608
17928
40032
18104
33112
22344
13464
17944
49600
13400
21088
18960
29544
109584
36432
32696
23832
22184
25880
39128
23848
22208
16984
25400
44688
17328
15320
18608
8624
18768
36104
37048
10032
19600
26984
30104
18736
15120
17152
12528
12520
10408
12456
18824
22344
19472
15720
13792
19040
14720
19360
10352
14648
11104
14832
19080
20840
12776
16504
16880
12080
13592
16792
19368
31808
48232
12248
10528
21584
16640
30584
18856
19336
39544
20880
20048
30408
14840
22328
14176
40472
17936
22424
25688
23288
18512
14040
15664
22240
12056
20672
19048
36120
14496
37224
24728
14456
16512
15536
14104
17760
12872
11472
19696
12336
13480
20760
12808
13064
10768
19560
12768
15600
29776
17896
18480
13496
19064
30216
25128
14176
29312
9920
14008
24288
30584
33896
21168
23624
13560
27088
25736
35632
15672
19312
11216
15656
16528
19832
15352
11544
21920
22896
14224
54280
23400
13856
25536
25736
19616
18624
17792
13840
33280
15680
25440
16264
12864
18224
17136
35840
31264
19632
31480
12008
29712
21976
27544
20112
15056
24448
16352
26040
23688
27344
29032
18696
10872
56496
25648
23376
27448
20328
14336
15288
18264
19768
34400
15416
12048
14808
17408
25016
30136
1765752
393232
12920
16120
13656
23832
23120
23608
15360
30304
20256
37936
12432
11528
16160
13648
10496
21816
10160
32624
34896
19456
22104
32960
20592
21448
20304
14496
15072
36320
15584
32992
39176
22048
14616
13744
23288
19848
22472
14024
15072
18768
27856
34224
44448
26568
54304
12368
19568
20856
15472
19192
25112
14696
23464
11408
20680
14856
17712
25168
18992
32120
38816
33336
27424
32312
67584
33984
33400
40096
57608
30144
10984
19248
24792
33624
16592
17416
40416
14104
29696
27336
15064
9008
16416
24008
49480
34088
12240
13184
16208
27864
27704
14576
11696
14288
22232
61848
39696
32088
39840
37872
28200
32480
30400
46640
19136
22000
27200
16152
23968
46936
19088
40168
44216
31680
16960
24136
27824
40464
38352
31968
28264
34416
33248
25832
16600
54088
40960
13528
26568
47936
71760
22512
29176
38256
39640
64544
37904
45016
33776
26552
36456
45544
27360
19560
34792
17112
35048
20024
63312
37184
34664
73056
23024
23256
44288
39160
24352
27048
37904
67352
22544
31448
55312
39128
24952
57120
51680
30840
52568
65720
102272
54736
40088
33336
69296
60584
23528
29936
40920
99648
90208
31640
78952
31512
46272
60712
68960
57584
49016
81792
48064
63120
28560
53616
72048
47576
78168
34440
43936
38448
69176
46328
54552
42672
69192
94392
75768
113880
25520
71280
36896
53536
62880
32360
91600
94960
43368
53912
41328
52136
89536
135144
91624
40536
57776
72352
67248
45504
76952
62480
72896
83080
75144
75224
80472
96664
91072
33712
72064
92776
94560
70544
129696
112096
45880
104256
48680
61120
44120
75688
43928
60944
64640
46632
66680
52672
55920
73096
87000
89496
63920
50184
68896
93560
95136
107256
80400
140488
83696
148688
90520
89728
110672
111992
69648
71376
92840
65624
67376
82728
56592
122464
101112
65432
103256
80760
63872
89552
78520
106432
41944
150904
97112
67528
89272
71120
76104
50032
104376
81280
84384
76728
126416
62480
66912
88200
111496
72104
99736
124496
71624
108016
81136
71048
96008
104840
100248
101792
88528
88944
67480
84696
113296
176840
86312
122272
72776
106720
152448
104072
66376
97168
61288
81728
91560
81552
94160
133040
77504
63160
168728
65088
104120
89840
44304
70880
73144
76024
97680
110608
60920
93832
99120
86128
61464
61608
35728
66688
92640
134864
116528
82680
100624
92440
116304
70648
78664
90736
126776
63384
94696
68152
77904
107536
134320
96272
92448
99864
97664
112912
127088
117776
115688
65120
79800
113600
82768
91128
52808
77488
80224
91920
107528
97040
110616
126328
58600
115888
89104
138320
129488
96760
87488
107088
63368
90824
77656
158360
70536
116480
91304
143776
118312
118144
76368
64512
63112
108024
71064
143568
89032
44360
47000
56680
104576
39720
71728
71552
111704
53968
125280
47704
120592
91488
71728
83208
71536
94576
103944
163448
198952
149552
77704
99064
121760
96952
72072
85496
96832
104968
45784
135440
63176
127520
87448
76816
52536
84136
106864
67704
153984
59344
34648
36352
62368
66672
68528
105416
46832
73968
37416
54208
55488
144944
105352
102888
117328
112296
167616
97464
87968
86736
78072
96456
83344
50216
106176
190088
103104
91488
80392
120368
87456
80080
116296
127856
104904
102560
142944
92808
81088
79584
106304
131216
60920
94048
88744
102640
88512
101696
53632
105016
80368
91792
90136
87536
92424
88192
90536
119552
81536
39536
138696
56712
101168
82720
111760
91176
84608
82096
65144
72400
42720
73960
111808
84920
81064
63664
81856
129224
98512
94448
105624
127208
99032
126912
94792
139608
199936
138512
259632
198672
142608
174592
163944
158752
180344
97232
101896
186344
155384
285816
158008
187344
526368
484376
85864
122928
120736
110512
153824
176648
128808
189928
101008
86432
106864
239800
173512
239144
129600
108208
162464
148904
110288
126672
172208
81008
111312
201968
168216
210480
124328
173400
172672
134320
156656
132192
87728
170688
156704
194296
222936
105856
168520
160680
75920
131288
105616
148512
119720
159136
114976
144576
187880
115264
191544
126528
143192
109944
107816
134096
129944
72808
92696
93720
179264
200832
296832
74672
126736
135624
83128
131768
139440
114136
153896
266760
218840
150944
178552
159456
115528
145184
163168
114688
244648
204096
159392
158520
164416
143744
98136
266696
113040
130216
140632
120632
135064
167304
101648
190224
168032
198320
150672
144952
176352
93736
136448
150080
111072
149280
124440
132208
126344
138600
147456
128112
124592
239488
178456
277184
213152
205240
270880
280656
245440
294336
340768
193536
164680
199792
156912
113912
201536
133336
126848
155320
174664
207432
163432
138936
155464
166800
114192
107056
125192
176848
127032
147448
147416
133360
206664
110936
110272
90360
156312
216576
123816
155344
88512
153496
152360
162328
198296
113384
132496
508496
167544
152736
191440
163464
113736
97800
116800
145136
171104
178568
153104
117896
120576
158456
281040
263072
162144
245888
154592
204120
207696
208944
183832
198656
143600
193856
183072
134576
113176
92360
149176
268848
241864
176736
122664
198864
168152
162104
153392
123248
239008
168376
202168
230152
183888
143448
171600
171528
112080
138560
135848
225032
151528
165128
190928
137040
140936
138304
130592
172576
151152
242136
215504
165632
152512
116224
148256
205800
150448
161688
161032
134512
195080
203952
152704
192696
200200
150328
114664
131904
154664
223712
183936
201920
155096
162856
128544
106592
93144
169640
202200
200216
188008
128136
141392
163576
159224
142384
134000
114336
195088
198384
129552
107544
128848
152280
102656
116928
153064
119872
145792
168968
131960
158432
139160
165288
158512
96480
226208
187376
225144
212480
226688
119024
185640
188864
157584
177336
172744
127472
140144
164216
178248
151512
213760
192680
141224
165960
185416
186336
154672
176840
187464
161256
143752
162480
164256
238216
135256
159712
192368
149808
189256
154128
187184
91752
143152
206152
96704
185448
194848
194664
131832
153904
207088
143440
154536
208840
311616
212760
193760
286760
228600
191880
185616
166224
126280
155232
184544
152664
230352
165264
210256
274592
173880
273376
210536
163488
178016
258152
296784
251520
263376
205176
207016
171896
218064
143744
244336
205672
221560
205816
209648
159336
208688
212000
222408
519224
376040
215192
252120
164000
146760
223760
246936
307184
199752
195632
267200
312112
272968
372808
266368
258176
307448
298544
350224
313288
229016
155816
212672
172712
159040
187440
131944
129456
131768
194152
167688
156784
155152
186040
146008
173552
222432
204432
167664
150304
157040
266648
176712
291440
246568
173496
171616
136064
214624
150056
206144
194344
201272
305800
198048
191728
320152
180872
178528
234664
203680
198120
124248
145728
182912
182472
269264
175360
153344
128808
200344
111104
189824
185056
207424
122224
197904
227744
114064
175848
127704
129848
170032
161688
148408
187416
138968
129744
117536
163616
210592
261256
190992
217128
315664
180968
213944
286368
291488
273960
284960
298752
277512
229248
317568
122344
197824
246680
170400
208504
184568
131136
164680
172280
209144
161408
248808
185144
175128
304728
195968
198760
164728
120792
195888
86096
181360
110856
199056
163888
187208
194512
158880
169640
190952
175256
95376
148440
109152
151440
164952
111312
133592
140256
92232
91536
156144
140120
120360
102232
89624
121576
118776
176208
137176
138024
123584
178368
110512
68128
132808
141472
138528
127984
143088
81256
81392
86064
113808
140016
92552
104536
164072
91280
91888
95096
96856
111080
68312
65432
201928
147680
125128
99760
118512
98104
74584
66088
85856
124792
82848
91728
93448
160376
113448
126648
107480
115136
59512
63408
71416
88056
278936
140408
84032
90936
95400
69552
64760
133264
152424
163696
115528
139544
90312
77232
78280
106872
121016
95376
148256
74376
108224
141816
83176
113248
98216
65240
77376
55560
68800
57344
89320
100960
82312
62040
48712
111864
128768
77360
68760
81320
67424
86768
113000
58256
73400
36064
42520
71696
73336
74568
144832
74408
42632
95768
155112
93888
116272
70648
46128
42256
61400
139480
59848
87504
86248
70992
70864
39944
101792
74704
65464
109664
68000
80552
119128
112352
85160
44712
55752
64320
75112
74496
53152
94216
61880
71584
53776
59128
68464
75648
60624
42752
37512
56792
45768
37280
27736
62512
17192
40616
62032
76768
32608
54592
33816
56856
45520
31448
36952
28968
47976
56048
38872
28272
32848
28984
52712
53784
30000
33496
33224
84240
44256
46952
36568
28856
37984
40952
34000
20536
38336
47104
22440
35640
30504
41208
29776
52720
36688
38752
43376
35808
40664
25824
58504
29640
36216
35352
28576
58400
29696
34672
38968
35136
34432
29072
27968
24560
21344
35696
49160
26152
36344
37520
14360
28856
31368
36856
43056
34280
38328
47080
32480
21728
16824
28776
19080
43032
36024
36656
34424
38128
18232
32696
18160
19848
28824
16464
25456
32952
26552
27760
22992
24592
65272
36992
28088
54104
369368
317800
48776
24976
24000
18344
65264
20048
37800
37824
18640
20008
23960
33696
24416
43240
18560
19632
23760
50024
37688
31504
29648
24664
33608
31896
26640
18896
34904
47264
24304
19080
19336
35984
16968
26184
27328
29408
25248
25664
22440
39440
39208
39344
51808
27400
35528
29088
24368
19408
18840
18688
32368
26456
18952
23472
19064
19680
35072
37800
27368
16392
20624
25544
42664
38192
54168
33312
18616
41328
37856
19968
27744
29088
21888
35008
32928
34432
51592
36256
62528
43952
25888
53432
34896
34592
76368
37312
37112
35336
28560
41840
24824
52040
20136
22688
37504
34024
29584
40664
25872
48184
1807760
367408
43600
42056
24560
17864
59680
17768
46728
24672
28368
46784
21272
40584
40840
26632
28984
51016
20880
51632
51360
26168
69280
22752
29400
36952
27136
31656
39408
20048
41336
37128
23536
23216
29456
45672
25816
35440
30512
49664
77832
34608
24568
31992
20672
38264
48296
24672
28936
48888
43208
47816
18840
21984
50800
19640
65184
22216
45872
72944
32232
48096
38768
55288
54112
60440
34120
53712
77440
33736
39696
24056
68872
71064
36712
35360
62960
26824
81112
39624
41928
46984
29656
38360
51704
41608
48976
28504
48240
66048
57576
55976
39704
58312
23208
70928
64920
49688
36352
58864
40920
31184
41672
54304
41552
44320
49664
76384
54928
58920
57112
104936
41192
79320
49848
87360
39648
94384
75696
51128
58144
99432
92232
45936
45424
86968
92136
45448
102384
38496
66592
44448
42368
51184
70400
36464
39952
48112
58672
59840
107792
91544
82880
46888
45712
81896
59880
69728
67112
78592
96080
74960
62944
41504
66560
66688
71640
62048
56664
47904
96568
72416
72736
36408
85232
88648
108384
99240
89536
180072
230824
346520
553656
269728
166360
214200
78392
139896
82816
114632
130104
92256
106152
109216
111400
64784
95712
90456
107720
115408
104312
107976
131496
161248
157584
74680
93136
68184
81560
100040
180720
80496
136704
134512
155408
135768
176424
133968
130240
93480
117312
94352
118416
75560
85664
76864
64048
114192
90280
63088
96520
83752
62680
47328
91272
79152
73712
93560
57256
64760
102144
91264
126056
104752
110808
70112
106920
61640
109504
95568
168248
104160
127592
65256
79864
78088
65176
158536
107336
96416
60584
104232
76776
90384
84520
116224
76136
103216
77288
186224
94088
152568
110416
96784
152000
53072
120216
169344
225320
517656
268592
264208
204232
254992
342928
291576
245192
312456
222592
235224
258944
244024
243392
289528
126384
124520
163456
113072
159224
201264
123024
114784
164344
111536
107144
148072
126584
76200
106408
104016
107056
119576
148720
146872
154040
96152
148008
145496
118504
125104
137016
81112
135584
135224
99624
154088
114600
306096
111928
112088
131248
126024
158432
113768
161720
120600
81792
97392
100584
105312
136616
118496
101872
137424
102832
126824
73848
72184
86568
58280
67456
167912
113072
133568
132184
137352
136336
140576
77816
80720
89320
102024
100976
123672
133768
107248
142464
73336
91280
70936
181280
187304
131096
140296
237584
174464
143960
143416
118376
104888
149480
146984
114056
95160
142632
137616
128472
174768
161504
78320
227336
174320
108432
121848
97512
82792
105216
155040
123592
144432
114168
115704
119448
143128
153680
138912
144712
115672
92664
162120
138480
127400
147008
97712
87616
107488
127792
119680
94696
80400
162640
134736
128312
117272
133144
109208
102096
113696
46680
86240
128848
135064
110000
71312
126752
108800
103600
113792
130632
112960
172968
147144
90448
123632
119928
78936
125456
133304
152176
129944
52592
141176
108704
114560
154752
125224
113960
140040
273928
134888
76264
165560
89768
122744
123816
91496
108200
124392
130688
110880
73648
93816
68960
354320
199128
127776
102808
87408
111128
104552
111128
66312
104784
108624
145744
146208
117904
102456
77912
100272
136968
203352
176104
106600
122936
224736
99728
160488
138728
123224
139824
149464
115768
94184
126448
164744
125520
121144
84520
169672
117576
112552
107288
75920
120280
121832
180800
112504
135264
145880
136480
159680
208776
227608
98840
228800
157552
169960
136224
223248
103384
177448
142784
127264
110128
74896
193080
105352
98880
81312
80792
84712
85040
99664
87184
119248
73624
112144
151880
165472
211216
145824
160408
123032
126952
117056
109808
149296
114256
126448
108488
153640
121448
82888
185920
38584
134424
109176
146608
86584
130680
124240
150848
136040
84352
130664
118144
128528
101760
135496
159496
149520
106984
152568
205488
178304
180624
180736
178520
145584
145408
125400
218000
181944
103072
167032
222464
226744
350888
308464
275536
180408
133136
207040
113224
160984
153584
112432
142488
231016
218536
314824
177544
183424
175152
254032
219720
212728
192448
116360
112352
198424
272800
202904
168680
170552
110168
187488
148352
101376
179192
148976
193920
104848
195152
118088
211624
175232
334520
216512
160712
235720
221296
240672
194840
180008
136488
125040
276912
209872
184512
161456
79432
110888
259208
143264
156608
158280
192912
147456
174184
109440
234560
172288
227024
248832
162280
239336
218864
296264
247824
210256
138704
223880
175464
190704
221672
181296
159000
222152
263760
227328
203800
265768
211488
220072
177512
291280
394840
249096
247496
258968
373504
590960
548592
458560
251416
185400
214488
173824
199272
259120
193088
304520
294624
212056
192840
271920
269432
245008
271248
284024
263904
251592
131624
409416
381696
252728
175856
215024
238496
240744
190512
133288
218296
136224
158872
229416
187552
188192
176712
177904
147872
187416
186072
152160
342072
205152
179680
253672
172328
340256
254888
251104
212400
146920
181536
105464
218704
186272
151520
262504
161528
162272
209400
153704
165112
161272
192512
235224
211864
243328
175824
262344
215400
292336
267520
492312
345728
196752
126632
182792
173112
168488
231712
222928
226744
396480
175216
197328
159272
229056
269832
214960
188856
192824
150144
231816
187560
294768
149200
174064
263960
214560
155464
204008
225816
205352
194320
228736
132416
169648
189448
140976
93688
212664
204256
188176
184552
145032
191848
217536
110160
118712
151216
167504
185736
175424
111032
169352
202952
179664
196880
265168
141400
223552
292272
200600
137520
143808
135392
144976
145168
116912
138328
161688
158656
160312
156864
133440
208800
123680
176992
145712
90688
171984
163840
254760
132856
165696
248240
196896
170480
160776
220520
165136
213368
166344
208624
194120
257744
198080
265920
192008
131416
247040
134352
168856
175744
239824
250488
246152
281584
157896
197168
268064
166656
284400
140440
259960
191288
221568
178272
173728
241232
222584
247912
267096
254712
195848
287016
178616
189912
200816
234776
173560
207488
189240
176560
222440
205280
160472
200464
108544
222504
229032
159792
327336
174696
184592
792536
1072192
211912
221504
234104
246944
215104
196352
256304
419456
399688
190288
139056
262672
274776
337008
256544
195816
286448
223456
183576
321408
271112
204992
216104
287488
257648
210752
269392
310720
371272
208976
189744
222232
402056
258616
307104
210216
246448
270464
215400
164488
236552
244128
212672
320480
261448
238192
309624
214864
354752
290560
195200
222240
276368
223664
245104
207832
166328
192864
179256
231384
212872
161144
210912
263288
184328
321296
206168
246264
297784
329624
248192
179632
310664
229592
282040
249928
174048
257320
214600
265952
205832
248368
285624
279456
302192
229696
241544
247224
344040
356648
311512
249912
340072
337712
295432
340880
348536
333792
424776
353096
400312
349360
470528
492744
847352
695616
754224
815400
777272
672360
641536
762880
804144
799808
800056
822584
655832
439632
473424
372072
275176
178040
315504
348576
219512
250576
204624
263408
268496
233800
217152
266384
344504
347832
383664
211816
152480
270856
316512
355648
241816
282104
228968
204392
188864
310584
228416
213384
236336
250136
207336
199704
297608
331104
179496
347256
196880
213328
265680
188512
150440
227696
317856
410792
363360
370960
414824
430784
400752
558064
509088
240856
157720
276136
138336
151552
181368
233216
257224
127152
161640
165568
195424
176880
179296
134704
214960
182400
123112
193992
180216
125880
86288
103856
89768
164872
99256
97024
81304
147152
91208
136480
83408
79608
117952
94080
83664
86648
124320
118232
120496
128888
193296
115240
111768
107736
204752
91720
164712
75304
60152
94864
51552
102064
144680
152440
140696
91272
132704
75016
100728
116904
98512
71288
149544
87680
67616
96288
118584
123432
70960
113280
68472
43112
76168
58688
84912
195104
131904
82392
97008
62048
74656
66128
46376
67392
92792
107280
53816
90680
55656
90920
63216
39312
175536
68928
61664
40872
46824
58888
80040
136664
63200
45520
74824
101152
63912
68816
59000
85968
76728
69920
48960
96888
46496
81048
113904
92624
129592
77504
78152
79024
100104
78160
41160
93288
56152
66544
74784
90976
59624
83536
48152
99984
78728
45144
78192
60600
73872
106496
50632
59376
81088
91640
54872
57824
83304
35272
40632
72976
54440
63472
100728
80512
49704
42896
43928
50712
40472
52976
46752
60616
35504
47592
32856
69200
80152
48672
88552
62920
46952
50232
39048
43320
41704
88872
137248
106040
40608
53240
33888
57416
42720
48168
43184
45608
27944
42448
49368
71896
54288
49648
47536
84280
51248
37744
62912
100704
42912
57384
36240
37608
72376
39376
45616
58968
48304
43976
43840
35568
39368
33888
51456
51888
40936
53800
33416
54280
118536
57376
65288
40320
46776
34072
53520
46536
43856
67864
32648
59392
46304
35560
34408
35592
36864
43400
73304
31576
32816
42808
40048
51256
40896
42232
35632
49816
84896
87312
42264
40840
41120
35336
39624
29104
30032
35632
26416
40848
36168
45688
33360
41384
62440
45272
24600
36256
38848
42808
89928
49344
31848
28584
30664
27552
67904
40744
33824
36832
32576
38464
39184
35880
32376
50736
22816
43848
50888
43200
35792
67928
34848
43160
33136
31224
38232
40192
34496
28248
30032
25440
23328
31640
73904
31744
30608
34760
39808
41328
26456
30376
31392
37288
23784
55288
30120
26728
30744
77064
41192
44808
30312
44688
40368
45744
36984
25264
27248
22336
32224
51384
39880
32112
28888
26896
35688
50224
110464
59208
27776
25336
23480
40920
26296
23280
23992
37104
57192
38936
39760
47344
31112
32176
36816
40688
32736
26472
33104
36840
52592
25552
19088
22008
23464
40688
80384
24160
47064
59920
1797856
397624
23528
36288
51840
26832
51856
62016
23592
25064
30048
66472
27496
27272
38400
34016
25488
42528
22680
43568
55920
60432
32944
45640
25608
27088
27144
21128
33056
29696
24800
30840
45320
30224
49456
50408
45256
67712
26736
33384
38976
32160
25776
49880
28816
31664
30872
39680
23808
26696
33384
47336
17624
19608
179672
49264
41176
35480
38416
41616
56712
37792
54224
25264
35920
35376
48848
89720
50128
23640
27656
33776
30160
50160
58904
49152
52472
47280
49536
45056
62264
68304
34304
38904
42856
63944
32488
32520
56992
57536
34840
64072
69728
69896
33120
79792
34744
81232
43264
34992
88056
78352
35144
60584
57408
70480
53488
37824
44304
40504
54344
60208
38704
40872
40016
46352
67408
90688
68288
60744
69792
73728
59880
62192
57456
87760
69984
66648
79568
71296
73608
70600
76832
52992
57832
79040
62112
94056
87800
94672
141600
274360
167976
219064
237056
272016
149080
127128
158584
143736
172080
177664
95768
185248
214872
107128
107656
72824
64080
105744
126256
61640
111552
87144
200144
95600
98824
72472
136600
99864
108608
159896
115536
74288
93168
51360
86744
123840
73080
74280
115408
103760
70744
93184
71336
35184
99784
79144
74800
55080
57576
83704
70544
81136
122808
97672
47120
107296
67584
71440
81112
155232
85920
149496
493720
651832
689128
683976
290128
81280
90416
142008
99784
116568
115272
102576
136304
170936
133736
122568
121392
166176
101872
82952
109344
91456
82912
141792
101168
94752
104568
113776
66496
111120
68952
113288
161048
846464
718928
112616
125280
121720
137112
117496
132344
143352
151528
120880
103904
151920
140720
123024
69176
131768
104256
105000
130128
82600
164840
118592
181480
105608
113088
92152
105744
104088
127176
183696
114536
191336
113456
171624
110608
141152
170744
132632
91832
104944
126864
126064
129320
143400
124632
181208
179688
99488
169840
97176
196512
155024
107320
129008
94312
166128
83536
109040
105280
194136
88456
139704
133224
126144
105568
118984
140536
112344
76040
201288
137632
162136
151664
158144
140432
200024
99344
128024
155072
155424
112488
187824
181856
224864
416712
323752
350160
435624
411472
265600
116104
139424
113824
273368
95376
185880
204296
241680
124024
101616
171944
103696
146824
149480
124704
142608
139944
72000
171632
193488
199840
143096
154848
140840
194488
178192
149040
152416
132544
151544
172336
156376
169264
143496
173264
141536
193008
133136
209112
151440
129256
181624
256960
136712
210680
146456
154960
207064
169176
99128
112976
128696
230680
163904
88272
172160
114648
113472
111488
192144
141016
149344
239824
179400
126368
144344
203528
228216
180896
146304
133344
171120
146632
267320
210880
211920
375088
218208
229328
122480
289904
239272
214384
336816
244288
86640
64680
86200
107688
241704
190472
145776
127648
125432
120224
137128
134760
65648
165272
107704
168936
99704
142952
157040
92896
147520
153744
143848
102392
111304
158552
104912
175432
182240
182456
141032
177272
329696
292032
266184
254752
118088
188048
199504
140808
135512
163904
130416
99256
