43512
69680
95904
72976
67408
89432
43888
32080
96632
75224
71288
114328
97168
62864
23256
60656
49712
48104
87968
99472
49976
38232
57168
81728
42192
49728
46472
51160
113560
41912
51640
40784
52408
31912
79104
87448
81840
79288
53144
66496
110112
91576
77584
78384
108288
72192
29824
37784
120936
48008
72048
201616
72464
104856
157488
46584
66560
97200
43688
62712
41912
39168
70160
87856
76672
77136
49480
40896
93248
52728
52872
61784
141200
34824
73632
34312
72352
51464
66248
50080
72488
44872
73288
20216
53992
49944
60816
76056
68288
32072
135336
97448
60320
69136
93512
50264
85616
123224
120800
88304
67064
67320
74984
79584
166480
51960
49336
63864
66328
131664
39400
35504
45880
71504
44736
35168
35272
42464
196696
63048
64336
227920
224136
66688
51400
63728
70864
73624
118784
120072
101576
105808
123624
73200
70520
95808
98184
34384
67456
89776
32832
57208
46152
308576
1098832
71200
53512
69776
118704
65256
62464
51472
43944
38520
46184
90944
107416
57080
37832
42680
71360
42280
81728
43048
70904
34768
63760
39136
73704
80112
65584
54728
69000
100536
137592
68824
58496
83976
68432
68744
38480
103056
76664
26176
98824
40472
71792
57480
56584
92416
56720
74200
123288
94136
32048
48272
95408
56352
120240
83480
58112
64576
71872
54008
51648
26072
43648
53256
78760
46264
55840
54624
36528
49376
97296
59584
72016
41760
131880
76888
88424
105872
90432
99400
79152
99064
50304
64920
44144
78168
75976
73128
148800
175816
37784
76136
48432
47000
59032
40256
65968
142648
59168
47208
49120
26128
39944
50800
52560
69528
31552
34104
115016
73560
52464
41704
60456
42544
50888
76760
87992
65376
62944
73392
73896
73272
42320
53136
77192
77496
76016
91176
84416
42792
23184
34480
21848
51048
37944
38848
45608
44280
81304
69744
63432
91744
123192
129456
148992
138360
122536
94792
103384
82384
144904
158192
122400
88096
131136
106984
102000
168592
98376
89440
210248
211960
177976
173944
190376
158224
111536
96872
41056
64944
67904
57104
43760
86000
104976
66976
54824
137848
53880
58456
40840
85568
71272
48288
64624
28544
38192
62504
66624
139024
64744
40480
46432
49712
65312
42344
32352
36024
58144
44528
124344
78736
96160
28248
47952
38920
83400
25880
40592
76840
59632
51536
82552
70584
64584
83912
75456
55872
88776
176168
124624
50512
60208
88240
92504
73416
53272
145072
92280
43448
25736
35848
89232
195800
31432
53960
61712
88160
37688
79768
65784
81168
44832
36352
53240
31024
38992
111248
32800
114848
83856
39536
47984
47328
47120
105368
132248
117904
38856
82304
83184
65952
30064
75232
130512
125816
51776
60368
58336
125856
91064
72912
74272
75792
55328
61168
78744
69232
129048
67944
49560
64688
529904
553944
283048
85096
132200
79800
133560
57632
69216
67464
65776
59952
94416
70240
78848
61880
42448
52488
48000
59184
19904
50944
72216
75808
43288
71504
25408
40088
32360
59456
54368
52936
56472
78304
45464
64992
40624
33016
26736
46832
70368
48776
47664
77208
91152
62464
40512
22336
65904
149432
138320
99136
114512
101560
190504
79920
44224
55552
133664
91784
72984
55464
66912
169208
65840
47040
52424
112656
41192
113960
122472
83912
74624
80800
120352
204968
64232
67672
62144
47392
64000
98368
48280
58824
68864
41448
28080
52904
73816
55784
34128
65072
82136
79504
91104
34936
55696
63920
44168
101792
41344
83352
106816
73672
45456
50312
127176
75056
111008
67064
46424
36960
114248
67272
58496
107440
73464
32216
98800
27776
23904
67920
58792
48480
39256
54856
28616
49024
56784
39360
91128
154920
76976
126744
69640
95296
40184
49616
30808
77096
90896
15496
51096
21416
102232
61272
67584
60832
168728
26616
63872
51256
85992
42752
84632
87840
96248
48688
53280
57392
50696
32544
65864
37480
425232
463312
509408
258376
50600
61936
46432
17768
86496
94208
78632
54416
43104
25056
33960
73040
92920
35808
50648
78104
41432
59592
122656
74504
134144
67784
79720
67688
60112
111768
33496
75480
40112
127240
104320
76232
95408
68128
133280
129120
53136
82848
114976
83816
110584
88896
81960
64072
56048
69336
53488
33080
38200
29144
65688
65952
94808
104616
160608
92008
36232
46040
71752
125128
39824
23736
72944
77592
47976
66344
99352
67112
85104
50608
39368
57864
71136
50920
39648
59376
88016
29832
45728
61440
53528
50144
107096
68784
111288
75528
34744
44296
28008
58256
64872
46424
44672
32312
46360
30736
114536
48104
57960
54528
85432
25152
53832
72848
96616
78504
52008
49560
77336
45392
39800
90504
55072
29016
63408
45336
59096
42976
66176
46528
31824
61904
43136
28544
48856
54016
61704
50440
73296
80264
64968
130848
67496
49504
31184
37880
79016
31904
26848
39072
44448
46304
32064
47640
36192
88776
24208
28232
62792
33960
69576
51536
16968
48496
79520
27752
163216
31888
43800
44760
117376
75576
32248
81696
23848
52536
34048
48816
38840
26520
32200
34744
39568
81960
48680
39224
34584
43400
83312
40752
47904
80800
67560
28928
67352
50960
45960
47296
32728
17744
34120
62152
20800
67920
31944
53088
46736
34936
19560
44280
42320
23120
59760
26032
56800
33896
60432
54840
22400
46688
22312
70624
25216
26096
22376
24472
19240
19048
24696
47792
24936
17208
40736
26040
34304
79144
19736
46368
17776
53456
20056
24544
28280
24336
27944
39640
18496
20232
15160
17720
25672
25304
30944
18888
30336
60752
34600
29112
26064
19096
19624
23744
22160
19864
25496
26416
43672
49016
21376
14976
46592
25720
20776
29568
27816
25096
15136
29000
99792
22848
19712
21760
26208
17584
35120
31104
19208
43232
25984
14088
26216
21640
31992
23544
32672
32224
35160
16016
32520
16928
16704
15792
21760
16208
21760
11776
18336
18344
24760
17816
18856
30464
30224
18216
53232
19808
17936
15152
13904
18160
15776
40776
36880
27176
26032
34560
25080
25560
28280
19640
32392
33376
1460096
642144
59976
116944
46200
55792
15840
13664
36184
38840
18032
36320
30920
26032
26160
15392
22064
15600
18472
18368
16616
19528
18920
13104
18296
28288
28968
16608
27520
15864
17224
15592
20008
14224
15664
15520
17512
21008
18624
18224
23936
16464
33160
16240
15176
16928
18072
18904
16424
26240
26744
24256
24624
43752
32640
28496
32560
29080
21136
22352
30144
23600
21752
16928
16456
17200
16512
23216
15104
19928
20464
23936
59032
26784
22816
19160
29504
18944
24224
14112
16112
17648
42224
19520
17104
15512
15264
23144
16112
18616
15568
19352
48024
16984
18712
17264
25552
16648
25216
14440
16920
24736
22952
19240
13320
28480
26184
17904
13672
18544
15864
14720
16880
29216
15416
33872
15040
15136
20440
20376
31488
40232
35720
16896
20984
53744
41056
33152
26288
23368
15192
23120
26952
21552
29600
26032
21064
16704
14376
13480
19888
18472
30960
17064
13520
18216
17864
14528
15608
18256
16776
36232
29776
14848
15896
13416
14024
17920
15320
16776
14648
31368
32576
57352
14688
14704
22032
16296
14048
14128
19544
15608
21816
18152
15368
21128
21376
20800
35560
20480
15992
15016
20728
28272
15816
8248
6624
14768
13384
19176
19088
33136
48696
11736
18616
13200
10784
48240
29192
16216
24464
25744
9232
23200
21208
31496
26776
23160
14256
43744
39552
29448
25704
19296
20168
22384
17840
21536
29760
29944
34840
16200
41400
29256
41576
36496
25608
17920
17344
23080
20968
23688
18120
17648
16536
20376
22856
42792
33632
46992
22768
41792
51992
40776
15848
14192
29680
31704
20080
27512
31856
17424
26208
15400
23640
22448
23984
16560
11008
13304
59568
15360
9376
13360
7528
13048
34688
19656
17040
30120
37336
8408
40208
19384
36952
61912
27216
25952
19808
39432
29648
52592
39056
28000
61840
56296
115728
37216
30440
65056
38832
15896
31304
27112
61264
29000
43088
28840
45064
17752
26008
50320
111536
43096
46400
42232
40496
101816
22552
93456
46768
121688
70384
20512
15192
40256
25784
12928
9664
19040
46200
20744
53392
42048
36344
64520
63416
45872
29544
28976
21032
23696
59520
73048
40232
39896
25672
52096
52576
80616
30968
294064
95752
75768
58408
70960
99000
82864
39392
85072
35024
30072
39616
68552
70576
66016
48304
56648
115616
43712
38760
49224
33920
104928
44192
32248
40536
55376
34296
13800
30344
45640
42560
36872
47320
53240
80040
187008
68176
56448
31600
66128
99984
48312
24552
100384
51064
66232
20576
44224
44304
108392
42392
100280
76264
53592
34400
49088
45200
16672
58824
43272
53968
70216
74536
48192
27352
41072
67304
93256
60840
22832
55392
42296
31064
120520
43104
61608
20496
17784
24128
42400
72064
74256
26520
129384
46688
24000
105776
22528
147152
84104
108032
51120
220016
403360
95312
66624
181392
239184
38352
37056
34992
23160
20440
47744
31752
87712
75272
67920
147112
333152
111848
122064
75096
69472
48288
59272
81552
61568
76872
136192
118168
45544
75280
41776
70584
123864
43504
54176
93896
96808
59592
47424
72144
102544
48376
56696
68752
116832
31872
51104
75424
71952
59192
42232
58848
40608
66200
68576
91120
113536
54768
74632
105424
41480
44600
45392
43696
33184
42792
84232
147792
107872
66600
61280
59680
62352
72368
61104
26184
80568
73984
123856
74768
96216
62640
81024
37728
27096
84296
70000
50120
69056
100528
122928
51448
114448
74544
60520
84368
182976
133896
126560
97232
143816
131608
159376
70120
41056
49232
64168
83968
110136
79872
43504
84768
68144
42040
61912
29488
66872
50648
63048
66864
39272
58640
145448
40856
104640
35440
88024
63504
65784
51520
55352
91488
74128
43624
70664
55872
75600
132504
90464
62248
29752
63848
37640
49648
26552
45456
34448
130664
50472
65480
38568
75424
138400
56680
63080
74656
85480
70736
45960
69448
61928
68992
91304
40552
100840
60488
74208
90176
78592
64792
49728
61504
43280
107080
87536
68568
53040
97000
113208
140384
51880
70344
75776
60456
50248
76624
62504
67088
59864
13552
101736
31896
22568
39504
43848
59456
48952
107728
102016
72496
74768
52808
85088
73616
68288
78248
129520
141424
64968
90664
72400
61968
82416
28976
43408
73808
98160
47800
105720
85080
52448
56296
76552
67248
102248
49960
71616
78520
71344
32920
54224
52080
60104
59592
42264
48288
95560
127464
62248
120064
60728
15744
115168
99072
43104
37504
62016
65864
91472
68616
20288
129592
48216
66696
37304
103128
17152
100568
43120
64664
90552
54496
57968
47488
50896
21264
49056
52496
83760
52352
42168
65216
27136
65472
41128
50200
82440
67872
80960
72592
32992
92048
51648
114032
51576
48872
60336
45200
83504
81448
109216
101240
39528
70936
352408
1060432
793720
724192
169840
38952
77424
27240
67176
19720
67144
18184
28520
56496
65016
69272
43904
105504
91264
62944
56264
60064
41312
46864
82104
108840
55656
41192
46624
48600
61320
40344
30040
100856
81832
75912
71040
57408
39880
45000
37776
25984
74488
50408
55216
72144
56408
33600
47208
69584
33800
74464
203616
84064
43216
65208
60912
48680
128776
92728
82640
57496
134768
43144
39112
40728
43160
59784
79224
97968
68248
14080
49192
36032
71760
83768
45200
50144
29960
31816
44712
81912
64344
76472
66064
49696
49560
67160
148624
88136
33752
83936
97672
39256
62136
36024
20312
45120
49840
135184
61648
88392
34464
70472
92776
25640
80392
101384
30872
83928
42560
46072
104768
68856
52816
39680
27464
35296
85840
34912
44992
39320
70000
38600
41744
107712
33384
46992
37208
70368
50768
58552
43216
146944
53128
49584
51592
35704
71392
57656
74480
69632
125800
59536
105664
60696
122136
83088
65896
49048
50792
31384
56792
90352
62816
68880
54104
61528
103688
168824
83064
74120
141272
46872
40808
34448
73296
64248
46712
97448
44216
69856
47752
86336
45616
60152
75384
63208
48824
26608
53640
48520
57760
59072
80152
20392
30344
63240
47536
41960
37008
62752
537992
45472
35848
32576
26840
55184
65376
72752
46040
69216
49776
90392
79672
51464
50768
69360
61432
56128
32696
58464
104560
63760
26248
75360
47952
30560
48896
94064
35048
27808
65272
68344
56480
36504
113432
76520
69584
27984
36064
51944
82464
91128
111456
89424
80104
69200
63200
53744
57744
94048
184528
205024
82032
41616
64416
177832
137544
77464
111864
74184
53728
72840
75696
92440
62000
68624
134736
65936
59608
39224
49816
118552
87656
45208
104456
44992
90136
73304
55176
19616
51616
129376
34688
31168
42168
30504
33248
55584
66680
119720
76920
115272
113888
58600
32360
98120
48560
16152
167888
222000
420280
102528
56888
49864
19256
59112
91072
245472
224984
161760
195968
176608
192368
139128
199952
139072
135352
203776
166008
170968
205088
190016
66944
31056
64784
96216
56672
52024
71104
65360
36224
50400
41528
52768
117560
117040
66304
53352
40072
83176
60592
65936
48632
34024
87144
58880
72600
31064
50456
34368
121568
90144
121496
55328
63256
43960
39848
40184
64224
64536
66120
53680
84856
50576
62592
18384
40608
54112
57952
48536
80600
61384
46040
84488
47880
19816
70248
58384
80776
122952
96416
71376
88488
82576
44808
66496
69720
64896
42736
40960
47576
74520
178432
157920
119624
119488
132192
138960
64040
27512
111232
113016
114352
124560
104704
64616
65424
98608
75520
82168
55360
48376
120760
58168
30768
68352
78776
78352
72624
54232
86296
221000
149640
82584
49256
31392
120392
38968
75616
67576
50664
86968
70168
72952
88512
122664
131928
62728
53384
78488
60432
38816
67288
30920
79824
73192
261824
182472
131848
131656
223672
214688
297720
118040
99872
72560
198120
193960
669760
724672
572528
146336
78768
52968
72560
96736
64632
106912
111936
52160
74944
42632
87616
129768
60528
58792
38488
75776
97160
127096
47120
60416
61376
41744
41392
33176
49184
44208
99560
123936
23448
46896
95208
54616
80256
73384
58056
75064
139784
54152
683120
754312
63888
92544
47664
65560
26280
32088
75336
110784
39256
48472
86024
89736
77392
92608
53184
36112
77120
37928
49312
34248
51744
34752
50456
22448
60984
44680
36920
17048
55936
63608
79000
48920
32320
21408
42472
55752
14864
33536
51088
65120
108840
45256
37456
44256
28136
57856
39480
101352
69856
90920
109080
75392
78104
63096
94312
52544
73896
69104
50232
94088
48760
50256
34400
67560
95176
71944
33184
49304
37600
37384
51280
65552
85000
29928
89920
23048
42160
28352
21248
62392
34352
41072
22552
13776
49960
19112
34096
24688
17296
40240
27616
30632
46896
34176
33808
45312
14784
18112
31208
42512
17928
22864
28248
17256
20656
39592
46872
14456
54792
34528
56400
56024
39224
65480
40864
54704
44512
57864
31920
70448
62408
52840
36888
22752
60944
98664
50864
35440
22568
32592
69792
32944
30456
50320
36832
28280
58840
43528
49280
74216
58048
54896
50848
59936
44760
61016
50552
46424
53672
81176
41880
60640
41816
53560
53632
48648
42256
56464
65224
223992
34784
50640
41832
38296
66648
44656
41392
46040
41352
40648
36480
33152
32336
28784
27288
28744
29208
37488
42136
37472
41600
28984
51832
30096
48248
35640
32920
43720
38640
57712
28440
29904
27688
41048
41920
37992
34368
33496
32376
33208
35304
43768
44896
35168
39544
74600
83936
57768
26224
35992
30240
30128
31896
33560
30048
33944
35048
1491056
623600
37176
37488
39400
28056
31352
38424
28736
37520
36232
42448
36496
53888
36848
28848
31520
32720
28856
29416
28960
30960
27936
32328
27736
34992
29112
35544
40424
28248
28144
26568
50688
39096
28560
39808
30544
45736
39864
32040
42776
39320
52176
34936
34888
43184
40720
46896
34152
43728
38216
47816
35752
65952
52680
36024
45384
36776
43800
100800
49272
164224
291336
172840
26600
28648
31272
27224
29856
44512
39144
37176
38984
51544
92472
105088
45840
44144
54824
54480
52480
49632
73256
107736
48880
65568
44752
44368
48640
42656
48608
67224
47280
42592
51352
52816
64264
44016
31040
31528
116416
33760
35184
40296
32480
32376
28760
74568
33912
31800
41944
49072
45728
50536
46432
43144
34984
31968
31096
42152
52760
36328
56040
35224
33272
29680
35352
43256
49488
41432
37416
39504
49696
36280
37984
41608
42320
132912
48256
41848
40008
39312
45080
39640
41240
52376
42440
21528
12872
9744
9640
8960
13488
44224
13984
48464
10712
52688
154584
26880
16632
19984
22144
10624
9552
12928
46296
16568
12064
9744
16520
48840
27888
36512
20056
23104
35120
30112
31216
14224
18912
66904
33288
24040
35984
29432
32912
31536
117000
39776
20280
34416
30800
46712
47504
33896
20472
19520
34176
19856
28440
22496
37224
26552
37784
17968
19776
42224
24400
27656
46552
24112
21528
18272
26216
16848
54200
27640
18080
25944
19168
17800
25632
26216
32424
32296
18488
19632
31824
54632
37048
25376
93216
25752
42504
34200
60896
28184
34584
35160
27312
28104
48768
24264
19656
44256
26008
46384
43864
29416
42856
39776
38944
49984
75784
24936
33216
49040
21800
25976
118808
43360
80856
48080
21360
39528
41344
53792
31704
37584
24920
60000
59360
39752
14512
58096
54744
39432
41656
129544
40520
44528
31080
38104
67048
144104
56368
61280
30824
29288
48168
50512
61424
100704
67592
62168
69400
82616
35992
38264
31816
63624
77408
83760
53528
86840
196616
44456
55760
83424
127784
113816
91928
56032
134512
71096
126576
71008
107096
122848
66904
225200
87536
54224
77392
63744
82792
46576
104248
80912
84320
83584
121184
82688
91992
110744
103088
101728
106352
112016
83600
97224
196432
123024
165376
180024
152208
120248
102456
193024
163256
140872
122824
133288
119192
86312
122056
191248
185192
134624
154600
138496
128064
114472
81824
93368
126816
104472
186984
158456
143896
203496
203672
240848
147928
70744
128432
126104
60384
111152
169656
127960
131152
240424
195760
251104
131760
173800
331520
201328
252144
352416
296544
202408
321120
218472
202752
162432
175088
93416
181488
150952
213976
223704
130696
170288
242968
251136
324128
179600
160856
219664
346472
236536
422536
158928
130088
152816
115824
202328
179032
140304
155696
124816
93376
474632
517512
492256
481744
518088
530592
425408
173632
288112
195560
228312
197608
197648
119808
162440
236024
527448
235752
138008
180872
172880
159680
185192
163304
224624
163528
177608
238304
196312
230976
196456
141056
193648
199848
107832
138848
110856
110632
149064
275728
626736
1160512
1385960
1355840
873528
227056
262560
328496
114552
172728
118136
180240
130824
118352
197144
148624
168968
240608
159760
217568
150120
176968
202024
120848
185224
163312
119152
174352
216480
165040
150384
163704
155032
220784
206872
125296
187712
174640
228616
293856
133392
214568
138224
214280
187168
222120
185320
158440
165120
189728
188064
143472
153488
209336
203312
149424
265792
239128
148440
150392
132080
283352
198208
230088
126344
162024
192256
212256
179728
134440
137720
204880
170352
234616
184176
172104
142808
205696
178152
205720
197136
106696
156408
269856
145496
140552
136752
236496
157576
229856
233992
196776
183536
166424
222456
166048
133040
264816
190088
242960
216344
91856
158848
184032
204432
142720
129000
229960
136384
165264
171016
137976
205280
163480
247584
218432
225992
162608
206496
352976
191952
164672
205296
179104
206400
202520
133936
926760
1142136
238624
292552
258352
200992
301256
192392
339096
227160
255280
335704
328408
253624
418280
490008
521056
162936
233232
97920
156848
118008
126856
205512
120416
191216
172712
144208
153368
219576
218360
108464
174344
143456
138112
94680
160904
192504
92056
179136
138072
118992
138096
234120
275600
156408
136768
135360
156464
153840
176736
259936
136096
158696
233600
241544
145496
101912
189536
131608
131144
185272
139840
242864
200392
203400
178728
161344
142048
160424
173304
200768
152640
236560
190744
139400
144112
103136
198744
169256
202576
138592
131520
195176
133408
125272
113120
123024
160592
93584
141712
119088
148080
136536
132104
158784
101848
122400
106032
111152
130016
324104
358352
167032
183024
184576
100912
186904
301904
90816
156736
103240
136560
289984
122824
130936
111136
113472
95488
164120
198728
143664
221752
113400
70656
107584
198920
119856
155840
149376
227704
125848
138272
110600
195696
144056
96352
75464
373080
236224
132736
165032
165544
221296
169568
109536
173776
150648
120968
148472
427776
750384
175328
111936
165104
174808
396280
830360
795688
365080
133904
127736
158536
161432
123280
159936
125240
180144
185376
210912
241744
112320
133376
139272
121152
182848
123792
126240
124856
229328
224864
318272
340072
117384
236616
247480
216552
184432
505768
510224
146824
182752
142160
215904
156648
249728
85856
238320
148264
176312
104256
146120
110008
87904
132960
314616
131864
86704
165344
349496
988752
556920
117408
352640
319600
157720
205448
149584
261800
178768
292840
165360
181120
187144
300560
193024
226936
225456
191384
205680
217888
156256
209232
175648
183536
196712
150392
105632
224504
163312
136064
193752
117960
78304
180728
204504
180488
227936
326536
218440
298520
224280
217720
433144
398608
378968
344232
564664
389752
243792
174472
255736
243408
367016
150352
206616
163448
144368
193912
146296
194504
220896
160944
148296
172704
247472
271672
191808
160328
111984
218856
252376
328072
177920
198408
253688
242336
225600
170016
91168
223192
462536
1855744
97720
90560
157392
129424
144496
116528
109600
172112
179736
179568
207496
201592
191024
153080
156848
209080
129400
171872
134344
140912
123520
121184
139024
114328
158688
217952
97864
152648
105064
120264
72552
91280
60720
123232
346128
333720
290664
117288
129880
107640
76768
59224
43320
65424
43520
22816
92448
118296
107528
96688
55800
87488
78592
58752
118960
86440
123920
171624
89200
111256
72744
72040
59000
29840
171976
58856
80328
55168
98032
73608
64024
102312
52472
115040
63336
118832
56032
97256
153240
149320
92816
100840
58080
115512
167824
120904
72544
175592
71112
67136
79560
58248
117992
79832
79048
59704
64616
78328
142848
89928
49512
58536
64320
101504
72736
108288
53920
105960
84200
69808
60672
74080
66168
46312
46176
64800
82248
121816
88240
66816
55592
101240
71696
105480
34136
74920
37560
67048
52768
102232
140576
97608
94824
139496
86456
50920
67960
88120
131120
87344
56840
42672
86000
62512
77112
82888
57880
59168
72656
73888
66200
37440
90840
74296
40224
70128
61248
65240
95672
81040
79784
64536
70624
119480
106480
103448
48296
93144
63312
71896
152840
68264
62896
77464
56936
86592
19200
67328
72408
90536
90664
93936
111624
82280
91264
95552
112048
88680
93656
74088
102848
71536
171000
129896
239352
122632
93064
69032
90200
160032
78760
40288
94912
83792
102824
193880
143064
107944
60616
108888
74928
80128
130872
45256
189080
114008
112000
63696
126616
108240
118984
248784
44920
90624
81464
80224
139480
88536
124312
158792
68696
62944
96504
87600
40920
74176
108776
104224
141440
175904
71272
209288
125384
83368
79704
83208
136376
154320
98816
89016
101176
96496
168496
175232
148544
88040
83368
202888
121328
77256
76856
133904
115904
109592
221512
110248
99952
89712
103096
119520
87416
87104
91232
70400
82616
83528
90408
56784
76760
88792
126656
158208
83576
78920
73104
72824
57336
69968
119208
127168
166944
146696
91096
79968
138456
128440
64592
102256
74232
80848
40088
114696
60176
127184
122592
147120
96944
119712
71296
34152
122256
89856
59128
137808
143328
113304
84768
241776
351424
281728
146280
53424
59648
117704
97448
132600
45472
69128
94440
131552
80128
90760
34232
132824
57664
87336
447024
279608
81240
103888
52008
26920
71304
91744
115472
48856
82296
46464
78384
56328
53768
45376
109192
102944
160424
74136
50600
63848
111152
67104
60512
44760
53776
45256
41880
28448
29800
116648
76888
87728
38144
70872
52360
32200
96488
67744
29512
47112
119992
29168
94656
102216
34160
38840
32528
124048
29792
139600
48224
79256
104728
38080
39720
17840
31664
17640
19720
24248
16448
19528
30736
38048
37936
30168
61320
23664
57672
33024
36080
23560
23016
33192
75968
237944
17968
10720
296808
735584
23528
15992
18360
84776
47208
45792
16496
23680
22976
35048
23096
41952
19672
19600
62872
26328
21272
30848
26968
29664
12888
38760
18168
12296
50040
34144
27736
45152
30808
43696
27880
19432
24880
27304
18720
63456
23512
62144
22904
36344
31552
29784
74696
30504
21808
15896
40712
19912
11096
11624
35824
23432
35784
16344
7816
37416
14304
14624
36432
23928
34552
23544
8264
14392
38624
15056
8408
6504
17400
19096
29608
11824
18264
22424
11904
14296
9136
22408
8656
31160
109232
26608
71184
24904
31704
26472
20296
22672
27536
14344
15824
10032
14088
7392
9664
10072
21120
9808
13712
22272
17128
11520
13360
11272
30888
17608
16064
22512
11640
16728
18136
48712
22520
10400
14648
28448
13560
23360
11416
22408
28600
43080
23096
15440
20504
13456
48456
19808
17104
38984
27360
13112
16168
28464
11680
19088
20344
1550376
575832
18168
21328
18488
21360
18472
18688
11920
16248
13200
30200
40064
22608
11896
21520
60448
18192
18232
28784
19192
10784
36480
27560
13648
25192
24360
11384
24472
18968
36544
45200
14072
10632
18048
17304
13304
17616
19136
19288
17016
11504
28552
8432
10464
10464
11264
14880
14648
18112
10944
16768
19328
12240
12968
10264
20128
9240
11000
14200
12504
11192
22208
27760
34976
11936
10456
18128
15584
18888
11640
35736
88264
10408
30488
17216
16416
13848
13944
9440
11496
26840
41544
43688
16776
65816
17856
11088
12496
10080
12816
16432
26952
19552
11448
28640
51344
13632
19600
66480
62864
18016
22752
18512
51704
14544
11112
9384
14680
30800
15184
18360
41896
19248
21024
12504
14680
31336
67680
28152
16208
11456
25392
26008
12024
18096
28336
15488
16608
11216
24056
17080
35736
18400
12216
18720
19768
9664
21104
21160
23984
12760
17408
14872
29432
13352
8304
20184
30544
21504
22184
21144
30640
12664
62896
15400
17584
43880
14344
29304
12192
11240
19456
18768
28048
14504
16736
12016
19800
24728
17560
30768
21040
35600
40104
26680
17400
16368
11808
11144
30176
42904
18656
14168
8824
11824
8816
17856
8200
34104
22480
60240
25368
46536
19512
19376
33000
27640
18280
18608
12760
34632
56176
59272
50216
65760
50080
50552
21192
29608
46496
71648
68752
23840
40352
29688
21176
46432
40504
53008
65744
60120
57304
39432
41808
36016
59960
35344
38384
47560
37296
27032
26448
40464
20992
16704
38664
33408
31744
46680
59808
30184
68968
49984
76792
95272
37560
39720
49672
31448
39232
127696
103416
54080
45600
56840
55072
24344
34512
44312
40792
52840
37016
71088
50544
26888
60080
89632
93136
23760
23208
64232
37488
50160
70024
28736
74160
63088
34016
47624
45760
31240
50800
28840
69304
69976
70360
63536
55264
62016
36496
62248
90488
48312
58384
30664
77512
135496
78664
92440
52920
53304
82200
75920
95752
43080
25480
141632
40440
60712
69648
60824
112656
85696
41992
72632
34184
51176
66096
114584
37616
58904
120648
73088
124056
76680
55160
81592
96448
94216
71736
92376
78576
81640
77400
106288
92000
72248
80424
134432
61040
97120
77872
86808
53504
72720
46104
81088
112432
130856
50416
75904
106704
105392
97784
75296
105176
79368
83392
97560
148464
86976
85328
116040
115720
159256
83952
102296
184912
73848
94160
313560
240752
144272
114656
105512
127288
85128
120032
86160
161112
270368
235736
182416
93392
131592
164960
155744
336544
596464
144640
120160
115024
208208
107728
78464
116472
122520
259952
84504
78032
154960
108768
156600
125848
79640
145752
180184
180320
129296
103552
319432
149920
174520
156504
136040
163960
176824
144368
129648
86456
199400
162056
147696
165736
379368
219248
339520
377728
359464
276384
109800
137592
145504
108032
149400
114096
131264
106352
122784
102120
207736
284040
153752
115360
137928
271472
95400
143344
192896
149488
106944
122432
142040
141432
97952
154608
134592
195648
113688
155280
148576
124024
127448
102296
152824
124736
114840
120664
146832
224112
178464
126376
126328
128192
69064
119312
158056
163968
105136
216584
170872
137944
133112
143136
146648
120040
148592
127528
220416
145440
128160
223448
146568
130728
156792
195672
122880
175536
443720
257768
592984
525184
411168
441472
343528
197544
172728
203960
118120
100160
140712
150344
217160
136088
165992
136552
58080
144536
151272
173760
201408
226104
148352
105688
112336
122752
118512
145488
126328
165072
118896
132600
231104
183216
160464
255664
384504
386816
251232
549336
436960
187480
169640
211424
195296
289440
160072
111464
112504
445336
471640
236544
130184
258440
135160
128592
180008
163648
93016
140088
221936
254416
140168
85704
96680
139248
149992
111280
128272
175840
299584
221472
188928
95216
164368
181888
119800
127928
189232
134704
89480
158352
120184
128696
167648
128776
134288
156320
123496
119456
158464
217176
194376
85848
148736
211208
175776
138352
96080
566896
171672
139720
245616
130224
242352
128264
109256
289704
145224
142536
119968
174136
183952
85608
78928
201944
127456
76432
99256
147808
133336
128128
179600
217736
98376
62264
78928
134296
96016
97944
150096
196608
219560
191272
142440
104296
157056
325840
324736
355168
270008
486456
355096
395488
188312
315064
219672
273880
228936
425376
278560
295448
287952
202416
249008
204528
201144
237608
179464
300904
253200
321712
271256
246304
124448
307840
231032
165272
218576
360048
163008
289304
229008
185208
251976
147360
111488
210008
230960
178400
120128
170688
241560
154160
185168
231776
196480
205448
186784
172208
171864
162544
143080
151544
239664
243600
193136
170648
277376
123536
209104
150000
235656
219576
218744
129848
178664
234096
171912
220392
193688
173240
250504
147016
163904
215824
182192
175200
247488
219912
232504
181976
216584
249240
217480
289288
157904
229000
298968
259584
176096
150544
167784
187008
189016
208880
203824
154984
232496
318832
227712
299856
253984
164640
324152
170992
414456
208528
212640
174344
367248
176336
179688
118304
140928
168360
213688
227920
155864
168040
129816
298144
188200
208520
121704
197312
123112
119280
191312
223752
267240
308040
123152
298632
158200
278520
563960
628632
627464
239488
153584
166128
159760
138944
120640
139016
111992
160104
205360
179184
254008
218176
289888
142320
155600
185416
173728
149504
93080
107192
199000
144488
148248
130552
144584
173144
90984
123880
152904
139032
148328
99336
147408
153040
212856
207416
88120
88776
342016
179168
117864
263832
154472
87520
230408
131584
156544
172984
80992
264712
87776
156312
153392
102872
249440
242984
160760
110008
201352
133736
95856
118600
141144
168368
145528
117888
258704
171928
294720
332592
116848
104864
125240
116712
145888
92040
177600
176096
199296
80304
103792
132112
98456
278000
132880
106952
85776
136784
170896
106392
110416
252648
98080
68096
148152
196640
128768
128712
124408
139472
152216
163600
122680
219288
191904
113512
95272
237672
147280
136464
238672
109496
207128
206608
201880
177512
140336
264960
131384
60424
132864
114584
122768
91104
98648
62592
127064
140312
75584
58384
52096
165816
143152
111992
57272
63784
123240
80632
84904
102000
69792
100504
141384
99464
108728
81512
168904
79368
124224
117368
122960
109376
124432
138288
123992
138608
125688
98848
79896
51248
91672
62392
170216
130136
115096
63752
106520
148608
90888
146800
112240
164976
147376
148432
81376
131352
92880
94096
95280
97840
60288
112864
59016
60208
84656
113912
90864
122832
64128
80376
82632
122864
155392
91000
94552
58552
45712
97664
98944
130168
126656
171568
97184
139312
132840
115776
127048
97392
109352
104784
115832
87952
129528
94048
123552
86256
76960
132984
138352
78152
149088
130256
99264
74576
142816
28640
66616
73944
112568
83000
106928
84128
145616
144584
124112
133664
165952
150744
109360
93928
59080
87384
104552
136744
81720
156344
129352
76240
91248
92616
86464
58384
100616
66544
51840
68928
89528
142792
106712
71304
91408
127640
65152
183600
131392
113736
60128
72312
82704
54888
42784
51880
77888
79432
104560
61152
102920
54088
87088
94616
54688
162344
67872
112336
110536
60432
64688
31216
181600
74800
73696
134064
117800
136104
73536
84456
78152
139488
177304
144216
126240
75288
166032
98256
139616
124472
94272
157336
105296
31112
183248
99160
140480
166696
71808
102432
178472
125384
151080
101904
60256
82632
127512
62608
77728
137592
81544
71608
121888
132768
69072
123792
98864
110160
98816
93288
145688
114008
125360
114888
87720
137992
49080
74736
62200
88816
110984
57432
508472
943112
127648
72752
162192
125072
126616
125632
110168
100248
114512
154664
91896
114400
158088
135504
127440
91640
110440
93968
121600
231192
381336
142952
237320
258144
195464
156280
144344
81592
79312
96808
104720
73616
86440
196088
299744
307184
266200
349976
302512
223104
210672
270024
186528
142200
206976
115000
81968
58424
118784
129096
47256
41776
87176
72104
102112
118360
62080
107176
62432
99816
145920
94968
174424
83904
174568
82712
106704
55872
112080
65088
84048
97384
86064
66952
177688
201200
112112
192392
89768
155104
106184
122632
139728
66144
71104
51392
45984
61880
37704
190272
124672
96568
73024
70160
52280
83312
72128
52792
76016
48264
47416
59536
90496
77800
62400
77904
66952
43608
24856
24520
71696
69136
52152
38584
68528
83984
124144
62608
98400
130048
122600
142720
77344
44528
57168
59680
142296
57984
48064
26792
42608
28560
25144
61384
39232
104792
60640
53320
12368
80336
112752
31128
26136
49744
40472
45024
63584
49152
50136
28528
49592
61296
161640
37400
15088
21432
58320
37072
49808
28448
52904
48176
63936
10328
27200
21352
15848
23144
64280
50000
89512
58920
13952
23256
27256
22760
23168
11272
18568
25096
27576
24328
58216
25512
13200
23720
61624
57704
55440
39808
10768
23320
19280
30064
39392
27560
25104
22768
35368
32912
28720
36392
34576
33616
9176
23504
8344
14768
22608
35912
14968
16408
59952
32432
76920
59152
45480
35648
21672
50752
29488
34392
15368
9632
14776
13384
8128
39200
15776
11432
16008
30344
15304
21688
6208
22176
28096
8584
28728
35696
34608
20696
22016
41584
22400
25760
14776
26336
19048
90800
49304
45960
30544
23224
45496
20968
8136
6432
7992
10656
7864
12040
33584
17248
15752
24912
13792
52480
61584
18544
19328
20344
15624
29456
12072
24736
44088
16080
58536
15432
11152
38936
34848
13808
23416
10152
8344
22064
24672
7608
10520
21872
11568
6416
6104
18024
6312
17328
11416
9672
19408
14384
8720
10616
61320
6736
5784
6056
6160
1527440
588608
25912
28488
13648
14056
33224
14256
14408
14976
8104
6280
13216
17912
12168
12320
14824
8592
7384
8384
10624
15808
11648
20824
21648
6432
7936
8264
9408
13856
8336
12032
47320
8416
7840
14792
17144
49824
25368
31520
33144
43680
28984
71344
28504
56432
36600
33440
29000
28328
41048
31040
38464
42832
31672
31264
75824
41008
42008
34168
31744
32072
38456
32144
55512
32264
34664
64008
42584
40496
29048
49640
56232
51768
32560
46448
32464
63328
36536
39936
30056
31024
36424
45704
45424
36152
41600
60248
53640
83040
121840
29272
53960
54928
41064
38184
44944
47760
36792
41032
28472
36320
57000
56104
35680
46768
53760
50488
69960
34864
49784
46520
98776
45488
49168
37032
48280
35216
31792
34776
40696
52536
51720
25400
33912
40544
33416
26656
24312
36128
76360
23800
25712
41264
41408
53808
60664
47584
46336
50208
41840
34280
48920
59272
36880
50792
30496
40576
23496
53272
33824
36832
42488
64216
33344
26320
34032
29032
24832
34976
32760
34320
32528
25464
31464
58704
24184
32944
28360
51232
25624
43320
31232
48368
33776
70664
39344
42904
34728
35840
58728
23936
30200
46344
45216
36064
61448
25304
32632
45304
45840
30800
60752
43712
29784
38456
35656
41976
27160
40704
35776
29776
45808
56264
57152
36688
48792
57408
52856
44936
33352
46608
51360
47096
45040
43480
60672
54360
44648
87976
45736
105208
56192
41912
38416
67160
37744
76144
73424
46240
30472
52576
54800
56496
58960
46040
40112
49640
42280
40224
59288
68080
118856
78264
56208
89240
50312
50032
116680
54600
63032
43312
104704
48408
49832
36688
56240
31720
43008
31544
85600
61904
63968
43672
60400
88088
109848
43592
40056
71848
47600
30832
38008
87448
101656
73664
40768
35488
34480
72792
64608
40744
95208
68272
47144
125776
41048
43552
82880
85688
47952
42296
61864
128272
70560
76184
64008
64664
71352
85968
66232
110288
52304
73280
102536
64760
79688
52760
104536
152456
75032
94600
129640
392792
368344
466808
161768
93744
56704
113024
97056
99968
119952
83208
118872
69640
84584
72016
61616
93776
97784
97224
85872
70576
182856
68392
94224
119192
90024
95264
80016
110208
213680
81528
56752
69504
114320
122056
140112
136248
103440
112344
109680
79032
136808
114264
97496
118216
95920
141696
76608
94888
116704
75232
114896
138728
137344
139480
98240
118840
244392
135752
206392
195664
168984
235304
163736
160896
301864
263080
187576
224592
203056
225512
147928
121536
106104
140048
143872
174568
182008
178672
234864
182456
158320
130216
172240
140624
182360
183912
188896
192328
184648
246992
282584
141736
173064
149480
115912
154680
156616
141592
190016
156128
239424
320696
274624
187520
128296
88720
137144
167448
149328
170240
116640
105216
185840
122280
136360
119744
203656
149128
219824
192344
185072
134024
105752
151928
157640
161872
181928
130376
190032
213864
172176
121464
130264
164496
147688
107576
133184
208208
182032
131376
127488
162768
115936
371080
242696
190552
162360
157960
216984
257264
111200
206888
283216
213832
127352
194728
353864
235416
132776
186368
144392
192616
206840
123592
151312
162256
168296
115888
157664
223376
205696
354792
489272
471976
192928
165848
185048
213544
185488
190816
223464
205912
136928
184704
120112
149808
186184
124792
224400
464592
412992
177608
247936
172776
327224
105792
146800
201200
497576
477096
129056
220944
137000
148392
251088
251656
266616
153664
163592
272832
163176
221864
141520
209200
189744
198624
189952
175920
228448
347672
176552
201824
141136
187712
181464
140640
181576
151048
98800
182792
111848
154944
135384
164696
200680
189464
173824
119544
138152
134448
103304
148968
206616
184592
110168
251024
181944
180920
332272
179696
91472
201264
200152
165680
187624
177848
132176
178984
220784
453008
493736
490272
514416
391904
145728
121928
187704
126336
170928
185320
90696
189368
223104
127264
199664
168448
331056
177832
248912
224552
81488
130024
123504
247944
133776
64008
191584
152280
153672
167256
116544
175408
174328
130848
128984
120728
99520
57360
234072
160096
110912
145552
168160
137168
112712
120224
214288
222936
113904
132384
119984
176784
191968
162384
234576
272280
111624
173248
192520
150312
182280
185344
172592
167264
164232
188528
139528
228056
156648
128040
136936
154088
154776
116944
116416
275736
189280
137536
198416
224544
201432
125216
168472
176784
242480
151856
275888
297744
178304
198392
140024
261808
190768
254944
198896
153072
166080
156344
120344
194816
263776
147840
132552
199528
110720
136640
257536
203240
121520
284464
174464
133552
210360
178480
262096
188960
202208
113480
326896
234000
262088
206552
200848
381736
245584
255512
1013160
830440
414288
405488
392752
331664
458104
473560
186792
167296
185112
194592
225936
265016
159152
222968
217216
272600
230704
142032
160928
149880
162248
182272
134328
206120
132568
215872
126832
194976
226128
177864
167256
205512
157800
175216
260880
203096
231680
151224
219568
171960
126952
213144
176224
152376
209816
173848
85624
173696
166968
229896
174360
245008
179704
169664
169224
178152
193712
181160
168712
196336
187400
196600
178960
223048
239816
163000
166968
242928
288896
263360
151392
233216
178432
123456
137728
256120
130616
191688
153152
135672
190512
194728
119512
185424
128200
206720
188712
222064
167864
151928
183312
302296
483848
570968
372536
244776
145728
234312
192944
229792
383168
193648
208776
110848
119568
123232
160464
146952
135280
152592
207840
177480
637952
186968
173056
188760
155128
180488
153088
261104
191672
172392
109040
153512
137728
215904
180080
171592
142728
124816
236392
243248
258688
169104
242168
213608
191616
251720
273728
212904
203176
165088
131192
146488
210032
145872
137816
113600
131584
183464
226376
186952
147896
125312
144680
129912
146344
84400
153648
150624
196640
227336
199768
125728
152800
123928
159096
234288
262264
172384
105752
130600
138080
129408
142024
129696
119288
124664
221864
107208
273472
113072
140288
180808
321032
308656
285464
331944
367032
405632
335576
139336
120984
128368
122224
156232
116856
79168
120216
102744
123392
118256
122584
115360
135592
207920
141936
236680
186576
160168
111408
207288
129056
90376
153968
97008
118232
217280
155376
92312
134928
94240
181200
124560
85448
100624
113848
203960
113216
123480
150552
112568
41808
155848
107072
110296
137216
173840
95368
167512
212920
135064
74768
143192
175408
150688
152504
114960
141232
142192
99008
102248
122824
59104
113184
128312
99896
107368
97688
97504
86464
96928
105912
90592
130088
114520
145448
92976
133768
106008
121424
105600
140760
97208
95584
86112
80848
133864
121536
135168
166632
106920
106648
85408
142304
83104
100464
154592
104760
102848
81648
140000
73192
77016
71784
99688
116992
139624
89752
110416
93680
84872
220392
132088
135200
66016
113040
94632
121104
96664
87288
93800
154216
120864
87584
150360
130344
261384
103944
116480
138088
67384
117352
149080
61968
87320
117552
86192
45504
114408
112912
90656
79960
81056
88440
141408
126888
85336
103224
89904
153800
153160
151104
119848
119656
146304
370464
459152
112352
155880
98888
75560
103696
121744
102952
124896
43272
152848
122640
125792
181776
62248
107528
129040
81864
135320
117536
72864
158048
177584
84456
103040
100920
111112
65312
141232
217632
146456
252128
468664
336208
93504
103272
72536
113376
87640
173824
72528
66872
97568
169536
141944
108960
96896
204904
138072
103272
147872
170176
83344
123056
143880
128824
78760
122008
48408
92376
122560
133984
94704
118104
94048
132024
55496
164616
54904
161592
94408
97672
115432
109160
190640
113856
90568
100392
98640
123856
128000
83864
57280
105448
178408
160336
97912
54880
132568
132944
61152
119208
81464
86392
132992
100776
433624
174352
336736
392936
71928
99576
80800
124616
84528
62920
71064
92320
145168
99912
99920
63488
76488
112888
64504
96392
147848
118336
44264
90680
115008
83656
43672
77728
167656
139208
67400
108624
37104
107744
83728
189136
440624
229008
155904
152248
116160
73712
104640
144256
89048
46704
74808
62896
67760
48256
85440
44528
69064
43624
116320
40408
61144
123784
69752
62240
82736
134144
43736
123272
106552
87232
92256
144248
26632
50104
69488
96648
86544
66640
151328
105976
63704
63784
55528
50616
57536
41848
79328
77264
102728
56296
73072
52784
80464
306032
348584
24472
66352
31632
63024
38888
67200
84464
140480
59576
87896
68760
44360
46024
21568
63128
69992
62592
44952
94536
72656
88344
87128
55016
69264
72768
25384
50656
45080
74816
60728
46656
29432
21536
43920
23136
56472
35120
57472
53744
42088
33568
51544
71776
26792
56912
28016
47888
20248
39008
39384
85648
35336
67200
17312
59064
37520
47232
41024
32136
82368
56320
42016
38904
66808
42008
49672
23584
48536
26968
15960
33472
30320
21640
27688
43896
38024
70128
47880
100312
62544
47344
57952
51816
59816
57952
79872
63912
141384
154440
66504
48896
69736
54928
38568
50160
29608
47712
34616
27208
28344
47832
61568
61024
69080
44200
47688
83496
72944
44448
65544
165152
26672
27240
39560
30392
38912
47376
39040
38088
32600
34584
34736
47608
56216
26328
31352
66936
46952
40144
48320
56648
34136
25208
24728
32504
26696
26904
42208
26776
30520
30480
31640
34008
27648
26280
41256
58360
32904
33528
30080
32824
37168
39976
32896
25488
31344
56936
30352
25888
50888
34160
40432
34064
25816
24864
40984
35056
50208
32168
55824
49096
29776
28304
43312
35560
69448
42712
34672
38992
62704
34560
40720
49152
45936
59264
68392
80640
40264
68032
54568
54744
50376
38592
47216
28424
24080
16632
16944
9200
15952
8752
30248
9344
9736
1513632
616376
17720
20024
25920
15424
23424
12440
15248
8984
18216
8552
23248
29216
7872
16896
7592
33584
12128
8536
8008
15040
43248
10848
16968
14608
32064
93688
13920
35008
13096
11520
26456
12128
10808
16552
11648
8400
8248
8704
9048
9808
15832
7976
9096
16424
7416
9944
11432
7456
9040
15960
16408
14880
8528
16008
23016
13712
11464
20960
7136
21672
17088
16840
18128
32944
13320
13864
7144
8144
17760
12480
17688
33248
10112
11880
9192
8664
7560
8152
20144
13880
16560
10144
11896
32616
27520
12632
12680
5816
15712
34304
20872
8400
17000
10304
10160
18288
8416
29752
13680
9720
14016
19848
11240
15112
7152
8056
17304
22080
24224
14016
93360
17984
8480
11104
9424
23672
8752
13040
17808
9944
21392
10568
16680
25312
10240
27584
7488
10488
11824
8480
19016
11544
14256
40256
8784
14896
10088
7816
10880
6616
19448
10712
19480
7032
9136
9752
12872
14216
40272
12848
19672
17344
32288
32248
11672
8240
9280
28440
16976
10016
10896
30488
9736
8312
14336
18584
26912
15328
22544
32960
21232
95632
80600
11776
31128
22952
8968
35856
8776
7528
37656
18736
23928
28200
17624
9976
52440
24480
7256
25728
22128
9400
23280
9432
23360
18936
21208
23696
43128
12680
17184
11376
27464
27696
14600
34032
16368
49256
91632
129496
44264
125368
257768
306664
381000
373784
392440
99984
34304
43712
72336
39408
242208
300184
323440
277696
255480
20432
40008
21456
67456
31768
41408
51480
42880
36984
29352
52416
128472
56432
48784
35216
37752
53896
41056
42272
81240
37280
52120
78208
34848
47384
46456
54600
33896
55600
33392
44840
38760
43920
88248
37000
24296
45488
153072
16176
75136
27448
14016
51776
35296
61888
33976
23816
39592
25400
46016
19080
55576
33200
47168
69376
29104
20024
33880
52440
43880
36632
24888
24944
42944
32688
46528
51016
42696
45720
77112
137176
37208
30656
63328
74184
24552
82440
62776
40456
46528
99696
59784
43752
90000
85960
62896
64984
61816
66464
49456
43128
34576
41760
51464
32016
64792
97672
67416
48464
88120
115008
88464
114616
83352
128920
132776
49792
179496
96560
132608
47824
23968
65312
70776
104384
74072
84688
92952
102216
59192
75280
58256
54248
78344
78344
76816
98448
86448
76280
98280
42240
57920
160480
90656
137056
77384
105432
149048
81296
82856
31176
104608
97304
142256
137800
153360
167088
150240
84800
161824
71488
115480
184928
134288
114728
187488
195640
230784
192504
136768
168064
140472
145456
112832
156024
104280
77016
128336
161288
181504
130536
211496
122784
98552
123024
117104
153920
139984
146768
122416
106368
173360
216088
149360
105416
108240
170232
143240
98376
146344
211808
212960
196696
128632
266960
152088
117528
232864
141184
225256
176936
105720
134776
175664
166496
189736
101760
125120
121296
151760
156960
102640
178712
126608
136248
242416
173576
150088
131472
230792
118000
108320
156720
164824
181800
144864
161624
138888
225240
314320
352680
367456
246544
380936
419568
408392
88296
149344
111464
225752
155136
209696
132152
100056
166840
107072
137192
151352
165680
193336
216696
180392
130664
90800
163664
58784
148288
193864
129240
130624
135496
215152
179600
236600
137808
216152
207520
127696
194408
158536
151688
115032
163280
133880
159432
127128
98520
129304
90144
128960
130440
221832
96800
159184
116000
206248
154592
183448
217848
205616
187952
190272
206872
477888
179672
204336
186632
274328
185368
290296
168392
206376
197928
570352
172168
152184
250200
197808
189480
151944
105712
232376
286960
332048
256128
288360
143144
160552
101208
59968
179712
193888
154848
182864
555496
149992
199248
259672
268760
265744
189616
122048
107096
191200
349728
291376
155016
225848
333216
239544
267696
165688
356864
271000
268896
222056
192840
240608
257888
196200
241464
245672
158680
213496
210680
175384
279008
275152
324304
892392
227112
167352
272720
187744
171312
251424
243496
461104
364336
116024
140320
189936
186528
226728
266760
202160
207960
133208
100024
114984
139848
111224
81680
168032
179648
116720
156256
163328
159856
108032
201328
161592
167472
175808
152472
159856
145976
159152
225216
149624
187488
144352
175488
187160
148480
119064
246576
158560
185016
200336
169616
182584
105536
163576
278184
237392
117120
179232
194952
68320
458048
463528
407128
555680
268384
93552
159304
181960
164656
173824
165528
133400
167656
111720
225744
162248
182896
156400
168096
114560
205432
517584
457128
498824
543480
477736
528648
384656
180048
138328
173112
96344
157480
206992
141264
174024
98096
126000
179024
182760
220640
209608
173512
198968
198496
169784
148056
150976
158448
172176
154160
154304
156768
167320
191952
178976
95840
130496
111176
131824
132544
88912
152832
101088
167400
111464
76784
153904
148592
326480
194816
160504
158744
136792
138808
93128
113016
116504
95184
158232
139616
159744
130112
205776
120440
104800
92064
73992
142752
208808
143600
94768
166312
128040
209120
258080
151744
175272
158944
155024
121400
95432
230504
120656
106616
85488
151576
99472
167184
206920
231648
254832
194520
189576
255632
309056
273856
438352
224968
167904
198304
182408
117328
265008
228456
176560
226704
169712
208808
153864
189576
164424
186240
167600
131896
115992
129072
107672
132584
193208
115048
120176
99432
135504
163288
230208
95712
131992
194320
119848
124896
186720
95168
74856
135128
197744
214976
109248
189256
163048
206064
297992
203800
220368
199656
115272
148936
123864
147120
139496
154240
155432
94936
132792
157296
106576
180616
159320
162256
201560
306432
290848
111360
118672
133168
201424
133200
114624
68160
198936
102120
149528
59040
96096
103712
95680
97904
120112
80648
125712
94856
144608
164552
88320
157472
57640
193496
135944
195072
168968
116856
174384
150936
169624
156104
112312
181576
89896
75352
162344
116944
140464
134840
96472
150600
139328
123304
63608
99656
98080
142912
145504
154584
245464
163616
145592
104216
154440
122768
174312
157048
179704
160360
164728
131944
132920
97816
86384
94192
109128
168136
128280
132552
69016
80600
143968
105472
135728
125936
172144
100216
181664
153936
178768
160584
92336
168784
68368
109496
115760
143992
96832
62928
128872
103528
82624
115720
116776
139640
96432
70024
60808
39328
66032
105400
122600
161248
87248
175424
163896
132080
116320
130240
180384
116160
99184
85488
101248
145024
142056
67264
113656
127112
94968
219984
124712
94160
97768
106880
84392
79296
54376
77768
42224
76648
62672
47712
92480
81272
48424
106448
86152
59560
73416
93952
102136
85856
96640
120784
47376
67568
90528
53672
72256
100864
83144
84016
182408
95856
69632
48784
61296
124688
111728
77640
87176
46208
99120
94152
174440
280032
269320
446984
936720
580336
427416
208640
98112
44032
123896
42208
69208
95688
92720
128792
139680
75176
111704
112680
70760
57288
67688
89224
83160
100576
114880
93808
68264
62592
88048
47672
78336
148616
88696
94952
153584
67104
52496
116392
104944
108800
89416
148152
106720
147648
77968
163488
142216
64632
73720
74008
82496
43984
65496
83704
80400
52792
57128
32216
70976
65360
102392
73536
112512
74112
144024
78984
57904
68240
74792
43144
76568
94520
46336
74072
62016
109144
92488
52416
93704
94384
130960
73784
106288
53072
95776
57904
121352
67768
50720
52608
103808
89504
74256
99992
76208
66336
86016
61368
78272
214952
353800
322960
335600
382528
90632
65944
72232
99240
120512
112336
29576
68576
46512
85024
131304
71032
59784
63472
97248
80616
122264
87592
92080
138440
104312
165624
81808
100896
102800
64144
60976
99808
162328
65688
86296
102304
202928
49624
61208
116264
60448
60520
135408
31456
91840
49832
80504
59368
63328
53992
146832
492832
479856
425944
441584
279864
127200
148992
81880
106504
183288
94232
83136
68520
140032
87744
102448
66864
85352
46856
93904
52584
78064
75040
57976
65200
84664
86736
74456
51096
123432
120680
130776
87224
50720
61072
93640
56240
49312
46272
119928
47824
100056
80248
40560
51976
79056
66928
112720
97424
34960
43528
34472
125136
36552
93032
51296
53584
155144
136432
32104
62968
84224
60408
85432
26048
60400
73888
36296
54632
78392
48192
38128
101368
60200
47240
83528
85200
84640
50888
28568
50096
29776
69656
36480
14840
30160
59728
103144
64144
62576
30424
80080
106744
19544
105696
68312
94976
51472
55064
53064
30288
115656
82736
48216
41064
87112
18080
33176
37048
52568
27960
43080
55856
44360
51632
53008
20520
39880
50064
43712
36136
42992
59680
50928
23936
47920
49616
90488
70248
36104
43200
69560
44848
37976
61816
24592
60392
49488
73792
39552
51976
75296
41248
19032
21680
64088
50304
49312
49280
50880
37696
43856
60392
38264
18240
44752
46584
26184
49416
67432
51848
115064
337688
249784
49032
28432
41032
12912
14872
33544
9360
21968
23960
28440
62024
23328
25208
45192
31096
26376
40368
35424
12528
29688
14816
20456
12448
32872
62624
15568
24832
43024
27912
17104
15688
25008
56560
52952
7448
21280
25096
20704
42408
20616
38568
8920
10552
34184
36088
13688
33752
8712
22512
43208
18712
29544
70960
11560
18936
40240
20160
17264
21848
12360
20384
11120
9448
21360
14072
27728
21832
16608
10504
18632
7016
18432
14912
7072
9488
6416
7512
58544
72536
49528
18520
13568
8152
18280
10000
26160
8192
44928
40872
22712
19336
74152
15008
13752
29016
7304
21528
19160
33976
7752
27800
9064
21336
31248
9696
7384
20032
30176
17528
11880
17000
24256
5104
24952
12320
24568
15736
14760
25272
16032
13544
21328
24968
12336
25976
1517504
602424
34928
29256
31480
26904
20416
18304
25752
17336
21560
17888
16648
8536
13704
44648
35048
45256
56208
122528
38200
45032
42880
41832
45960
34200
57480
39416
33816
26536
29664
74512
47856
44024
35296
43400
29288
52440
71880
42680
32552
32088
49992
43776
31600
45512
35368
38616
30872
29328
21264
21240
33696
25264
46032
33720
26552
25288
29816
32992
39600
31784
31920
30024
26624
34440
32320
66672
38856
32032
44752
39640
41144
31008
32984
62080
59712
32224
27464
23424
21928
32448
47936
33024
24720
30464
36336
39216
43296
29424
28256
35360
46936
93640
37704
30272
25648
24984
53024
27968
29120
30936
40472
44704
37392
48568
36712
36984
58320
48168
48600
30184
34664
26168
40032
42144
68760
36088
50976
359952
211624
46968
47208
29784
30848
52416
44432
38144
60424
42008
28816
59672
49544
68192
28640
29944
30088
56176
41040
46784
37464
31640
53616
68976
85632
260136
30816
48368
27344
41992
34624
38480
37232
31360
58032
56640
37408
39360
35168
33112
52152
37920
33224
42752
31720
34176
41808
58320
39648
48616
121416
29968
74176
36072
36856
32616
64776
53440
31032
36632
33376
31880
64072
35232
36408
37208
47168
61352
47176
36944
57704
71208
52424
63320
66192
44128
41432
35216
41032
32704
45368
43400
46112
44264
317360
407944
497968
240528
44400
47392
49792
32312
43168
32224
48160
44336
63760
68760
39352
47360
45832
73192
60872
56992
33136
52672
70824
45280
49760
70536
45800
45200
69264
40024
41320
51008
63920
66080
71016
59112
64568
51008
59144
58760
111568
43608
63880
39152
65576
71760
64000
44048
54104
54496
102920
46040
45888
53552
47480
76224
59368
45056
61056
87168
67656
53320
40704
54840
48032
57968
69392
46608
62912
38592
47760
76168
52616
70440
69392
40704
49968
90248
82448
66768
65400
52040
49624
74656
70880
43736
53680
65408
74128
58536
35224
85200
53616
43080
76344
86416
43368
35800
39744
81032
86216
61960
31752
46072
44648
93616
64280
81600
63768
46160
84144
84072
63512
47184
47600
64528
47064
83488
67232
50080
72192
53912
75088
92872
91304
45736
87144
80000
104744
59616
74640
130840
64432
146112
51856
76528
92760
54776
96344
62904
97224
136560
65240
96024
88368
79064
80648
60472
79952
67008
61888
36520
38984
46360
52232
74968
75552
126184
104400
57848
57640
56736
73784
57160
29736
72728
28272
53160
56952
73544
40248
53328
61888
64944
51640
56040
96344
91296
71416
86560
49840
87632
21968
104280
85288
92032
90360
35160
62592
73680
26536
69336
50696
29672
91896
66784
87856
46104
119360
103048
47928
59760
101168
44360
42216
89896
43792
71736
64504
46304
65760
92144
56712
32328
62688
76200
72224
51296
131280
68352
27424
56424
65904
38216
58976
66464
48240
34872
35592
83832
57432
27736
32400
99904
48800
39808
92936
27568
43912
61576
88160
29224
33344
56832
43776
44480
37672
66056
25080
69856
44680
63792
42728
90928
53480
43064
38064
87608
81704
24176
58568
93808
65688
40280
31752
47960
54864
68232
130848
89064
48440
68832
44064
14880
77664
70928
49752
49096
106952
44912
87824
100408
22504
43224
82256
56400
141232
58200
84664
93864
123360
53664
115008
37608
85240
70152
45080
56800
71616
49144
58152
64112
28432
49424
42144
93208
46608
43112
68832
23432
56592
111160
110728
61928
54736
61144
70032
130472
71024
27960
54128
52792
98304
75760
106640
31808
31272
97224
66232
69536
61920
103488
98704
125672
97224
54000
67128
48064
58400
468032
407616
432968
133448
55488
40200
36160
54904
59192
90688
37664
46816
71712
33112
15544
17392
28200
19568
35768
54784
70592
357912
233752
70968
70480
35528
37048
86608
64632
60984
104320
125032
80552
152592
38344
62848
21096
90560
52096
63184
49152
42584
81168
90720
86800
187488
472064
340432
34064
89312
76232
28352
45480
52656
34128
95296
92184
43992
49800
54816
53696
30088
52200
51968
83384
27536
83136
42000
54080
34048
76192
72536
73824
69544
38480
66000
85240
95336
83040
111344
103864
299864
301760
302912
278704
310568
292232
222992
38528
106128
64696
60960
73224
81384
58688
47984
69080
48968
100976
123088
65064
65184
69280
143624
55896
74096
116832
73376
66512
86352
55488
54984
35488
74640
54816
95664
80880
61880
57576
77552
65104
51712
75848
63144
101680
137152
85760
123760
55240
127312
49784
68512
57856
52032
78888
84288
71344
79904
91608
65688
134792
111432
91984
44864
58856
55752
85880
65248
69456
70560
62400
90368
86872
41648
107528
82048
105232
42880
136520
57072
91512
53696
34616
81184
77624
88872
73848
86144
51368
66872
56424
45920
74792
63824
50216
67536
31536
65456
71440
64480
78584
49808
53992
69328
85872
50808
67960
56128
99008
121600
72976
157656
36136
53352
73288
51544
71096
60640
88240
117184
79536
68992
34440
41472
65232
82544
64296
59936
81264
86320
71272
40312
62320
39320
53760
56976
69408
42968
46856
72224
72560
71368
46752
57432
132824
27920
96288
141456
160520
214800
208392
221192
204064
265984
179352
157376
207912
218528
180920
133248
110904
59488
82848
71376
60432
52144
62248
47680
66600
41328
93432
58824
72944
66016
51224
44952
55248
56288
62440
46176
69672
48560
42176
76152
50104
61408
76224
86000
56248
83248
136616
98936
73464
64048
76336
37840
65336
66680
27792
44888
83944
62424
38104
39088
73184
62096
37952
72064
50056
74152
39928
72368
57872
76856
106672
48600
65760
88528
51488
131256
78368
76136
82288
99872
67696
32632
72008
45832
63672
78600
92456
44000
36696
99080
62864
36104
77064
63496
57152
66120
80592
69152
77640
62584
51768
118680
65488
98216
79248
81344
108576
43736
66280
91608
85064
93992
101360
57432
46296
50336
40848
49512
99216
48440
48392
96336
42216
52104
46168
89240
60896
44112
54424
57472
31552
47896
58344
65832
48424
69392
63136
70256
40848
55160
94688
68040
38304
38552
75800
79080
46368
55128
178584
68064
65080
61592
89688
90184
54136
131040
69872
41688
83384
64192
125280
120216
131968
74760
52728
98024
91256
72344
48568
67016
41632
73048
57992
57080
42176
137424
125056
51304
49408
69816
61144
82064
68184
67640
46568
56072
127800
47040
69560
64144
54024
54576
107592
36320
77568
57632
66448
49776
33576
55080
60600
56288
70976
65976
63536
63040
76408
46536
58376
78576
48592
46432
52336
40648
66568
103104
88592
61360
74632
89424
55944
53200
63320
43440
39344
52664
60424
80320
52112
44584
45152
70616
65984
66648
119080
96712
79872
72432
94504
110224
54368
74712
35528
31504
70112
60776
65208
34256
87280
101792
79840
54904
99640
105928
72528
47944
117456
109296
84088
74808
51712
34552
56064
41520
93416
41736
83800
31536
34504
41400
47560
74104
47112
51600
49968
50192
97104
51808
62824
66528
85096
39720
48984
43464
59544
74336
86352
110208
62424
103912
92488
45008
132600
91360
114728
106720
134288
98800
64080
80504
94800
59984
42256
51304
63992
53904
101544
61192
68912
52776
81720
66568
55824
68088
57208
79744
100888
110656
57792
72824
47032
43200
32096
61336
75096
82680
83040
73696
71368
126448
62016
77960
98808
62632
46216
67848
53648
72640
72264
85344
58640
52552
41680
51432
45856
65408
60928
61120
59376
105304
51872
48312
101664
120152
36704
85400
75360
83344
94416
88176
69104
125560
128168
137152
124904
107616
47280
141904
73368
74272
50992
130776
95712
69936
57232
62632
118056
113192
77424
51192
67984
110144
155096
106584
137248
219264
225824
170584
189960
134720
85760
80784
88016
107240
83184
49344
77944
70840
64744
59960
82640
52344
61512
119024
87840
66128
95000
44144
62736
50512
57128
130192
108288
97536
60512
115000
162600
97840
51608
67536
76864
90600
69072
98856
38648
42856
94056
61216
52328
82480
36368
42368
50472
83872
68552
53048
74920
59768
65336
50376
54456
36944
70296
57752
23456
57280
30944
19976
22888
35424
52504
76624
76792
71104
57360
68240
40568
56040
117720
37504
81752
50528
48064
27056
27072
81408
98872
51144
38640
46104
10616
19312
29536
30752
21984
63824
42984
78936
31472
90272
20472
35376
40672
37592
19840
53472
69120
39688
50528
13144
47392
36664
43816
79544
41352
21280
51984
27272
20232
26872
37624
39344
18680
36536
17792
39792
35072
128288
47576
66088
51296
40000
42080
40256
30528
67320
40664
34104
36112
20976
14456
13616
22320
21880
51208
57272
56672
20784
39208
35480
39608
34872
25672
33512
72640
23592
31568
18096
26432
20480
37544
23792
56704
17752
75680
55424
11856
35200
58944
29224
27512
33624
28424
15152
26360
52792
78768
10504
47968
54872
42696
31888
27312
8520
17000
12536
55416
38440
17760
49552
23528
38008
14704
8712
10824
22128
37024
25040
36360
23176
22216
11728
16200
19544
10184
45376
22856
11608
42232
130208
107968
8360
27496
9000
9424
8384
38352
35800
23000
12352
17144
12280
21904
14384
14552
42640
32368
46960
20496
29832
13568
31360
27840
20976
19920
17304
34808
13072
29248
20904
16672
31584
22272
10128
21384
14632
28160
19056
9976
9520
10432
18136
7272
11976
14216
23744
23648
27824
10872
8656
8216
21648
14400
7952
19664
17312
17816
19728
17752
19240
13096
9664
12352
11792
23304
51064
22080
13424
23120
9544
6912
12592
12224
15864
7144
20480
53368
23368
46544
20632
10632
17584
9752
1575784
516072
20784
16032
16160
13216
7880
3352
22336
17072
18760
5536
11160
22760
5232
6496
4240
8864
18816
5936
3016
4040
19240
6328
3896
10512
15552
3624
5568
17040
9976
14936
13744
5200
13232
9192
6960
5152
18008
15056
18936
12984
16200
14656
7632
7696
11888
9664
9032
32704
8168
10648
11992
16872
7432
8528
13304
11584
5592
6000
6728
6672
29592
30160
32560
83936
31304
28224
24504
27752
30384
32448
45816
38384
58296
34864
31944
26296
44184
48120
34928
69144
41088
36368
35064
33736
34200
30960
41592
36392
34296
29112
64480
46056
34416
43640
32280
30784
29264
32336
30480
30216
44896
34832
37008
47312
47952
26552
39016
57728
31560
51088
51744
39784
35000
40712
36336
33432
38328
47640
35720
41896
44352
35992
37224
33888
28936
41840
33632
33016
35200
37960
49024
37816
43760
42064
21264
5952
31784
6160
6376
27176
29976
7712
13520
13720
9696
4696
6824
24472
20208
21088
7728
14056
14448
16128
20920
5024
10944
11992
4664
7504
4360
11176
21344
6112
27704
7552
6312
3912
12584
5384
9640
5712
9744
3336
5064
5576
6376
4784
16128
8512
9608
5576
8152
16416
10520
13360
6288
17808
45984
54224
69056
39112
46536
37600
37784
28536
52640
76392
31576
30872
40832
25152
34080
37752
50872
34632
22768
26600
36208
20544
45176
27120
27920
25560
28480
28992
28768
28040
28568
60952
53672
35312
39584
39424
64248
38992
52416
50112
41632
41896
47096
35800
48624
51008
66960
38008
44752
61784
34128
44600
47000
37880
35160
29384
70704
49152
80176
52640
40944
47432
51968
56640
44216
45120
47040
81728
38400
39304
47320
48464
77760
58944
57520
51160
50824
75328
47480
92592
53832
42416
73280
59056
48488
55744
50192
55904
35960
53552
38696
36360
47856
72352
153728
64664
65872
57928
81712
50224
76264
69800
68232
58648
55520
56048
64664
71464
63288
48440
45544
57624
58312
57592
53208
51160
44960
44024
47240
29056
34096
36688
46048
51472
43296
29960
53120
47840
46808
46720
46216
47688
67152
45568
45576
35864
79992
20200
32832
90792
57624
72288
59600
57072
41032
47808
39120
45048
87872
35752
52072
46472
71208
26752
57456
94120
82424
87136
69936
78952
69696
77192
151248
99544
81696
69480
110760
54928
61264
85608
77488
62952
61872
102056
43664
58752
59616
80592
76272
50096
37464
42592
58720
63648
63688
65128
48024
60848
60952
78872
79624
44408
80504
111672
35536
56120
37576
69160
61704
79128
82136
74312
76480
79128
71824
64552
29872
90648
106168
92096
49152
81992
78984
78576
71128
88336
70616
94096
92352
149128
75208
79856
122720
67048
123536
152200
97968
65000
62440
72424
73272
72296
69600
79784
68632
49568
89160
80392
71048
42304
96760
66864
137304
73624
37512
68392
66920
71288
62280
59888
111320
51632
62048
42960
49768
60304
80144
51664
282400
466640
275896
64824
69488
61976
45688
70408
81024
123504
94112
89192
68856
55648
42320
73928
94040
56176
65592
47928
82664
68368
53968
61024
80080
68528
53792
72128
88664
62984
42848
79392
32592
93016
93408
73488
51864
58856
51104
45512
27160
54200
72560
82336
58032
48136
102824
43456
49384
52280
50064
63152
76248
89600
94352
70864
69184
84816
33632
33976
56584
86480
79200
89120
74888
57584
72888
48912
88400
63416
70184
54352
52688
40968
70192
86656
74472
87600
72240
66136
62240
66208
103960
84888
79760
76024
99472
73280
49192
71936
50912
43720
79176
65432
80352
56776
100752
60776
53592
55680
79432
55912
72968
75680
211680
519640
519016
58976
