317648
231968
265184
364256
343584
331672
303200
283424
313912
206552
168816
164632
138072
179272
172320
168328
128000
175584
167688
117048
136632
100024
125072
102664
147008
155816
138304
137216
128656
114888
144024
172528
132592
103800
169992
130912
142032
107248
72584
208248
177320
100056
82560
171104
213328
88928
103144
120560
127688
58792
177992
128448
207056
258176
256384
306080
217552
209720
225536
176208
250800
280576
296008
285992
197384
196360
184776
222552
200272
188064
113600
149392
107904
104256
146952
124632
92256
74288
170528
114624
127160
144168
150352
158336
74904
160840
165752
88776
116032
109144
114552
207272
389120
319184
126496
154016
143128
122760
123016
161976
155616
146184
123824
78336
119360
137096
78120
92072
105912
54000
78680
107776
100288
99448
92544
200240
132472
66744
89968
196280
119544
54856
81760
62224
111160
123360
87576
72856
60672
113568
82200
123544
68576
91360
80072
93728
125424
58232
107504
96144
156008
136960
99232
110152
54368
141072
121224
106752
159280
83072
61160
90864
131744
127784
56336
97424
70608
150144
165688
77384
86664
123968
89144
113088
96048
132600
105952
70400
112832
144960
79328
106112
57472
119072
82104
165384
138720
111216
46464
92480
80496
97944
36448
109176
47856
126176
86720
42632
89192
106600
80368
58944
89592
56448
59320
67400
55400
46480
97336
71600
108848
42528
74880
141256
117832
99688
86272
81160
89912
81048
66552
114872
140480
87152
56832
60048
94160
85184
76032
105728
100368
86688
87304
158496
215312
148376
111880
103032
88704
118600
95808
160640
118000
113848
189240
98024
133368
105976
69432
138744
102672
83424
87544
120456
127824
122008
106312
52680
40688
118472
138248
105256
125016
162624
200472
189080
107376
152560
90040
85768
76056
174184
96736
77944
143168
96240
85864
57192
115184
99160
112208
92176
115600
88264
61672
80152
127728
57616
84448
61496
158008
95376
105168
108976
99920
68288
120544
39776
79360
143160
103584
132648
117856
69616
81032
78288
114304
58968
74552
65840
119208
76520
62640
67608
85840
161184
117272
127448
52784
83024
92464
52912
112744
136120
82152
79904
71016
68496
157792
82288
134616
105464
135392
133576
79736
52904
115832
112920
119024
82392
96624
88520
167232
108360
88504
110352
40432
53736
68936
154448
126280
102736
83048
112560
83504
122336
107376
79680
139464
89048
61056
165512
70832
82352
53984
119640
130272
92552
481736
553744
384520
119336
98936
83688
46328
138288
42816
67864
79960
52120
59088
25424
86720
103632
106880
61536
48592
56984
60328
61216
123872
89248
86480
60544
100304
109392
105808
31104
32792
57120
54864
91032
65488
76808
160392
111544
98216
67800
57440
81344
88112
98336
52904
105576
48792
99968
38680
31192
63328
89856
62464
64032
58696
32088
170440
185224
47768
60544
61120
124776
88400
46376
168016
88608
82472
75104
60008
68032
45536
37544
55432
68480
45552
160096
42648
47400
52032
43232
52952
56568
62048
89032
70344
41896
94168
26432
74936
48240
49320
39288
65344
60848
61232
21688
57248
90560
89800
81704
80936
113592
66920
46864
80568
45208
25112
58000
114704
58232
47200
57520
53136
77008
38728
85368
91072
42496
28792
24040
115288
49072
64224
72696
87632
77824
73032
65976
21960
33584
40608
47848
71080
47256
36312
57120
69336
24904
43224
45640
52992
71736
74776
49512
19776
45648
38320
19984
43832
26928
64616
46176
53264
57424
23464
27136
39520
23752
23896
29280
20472
31960
36256
22568
33752
29864
30168
83968
15136
13192
32872
35896
45240
43600
20856
12936
23056
40640
42896
31584
30784
35720
83024
33928
39192
25136
52304
33560
57632
55216
21696
32240
27856
15496
33144
66728
36784
34872
25344
31832
27432
46904
43800
37808
25608
27880
65520
36272
28944
26080
26448
27960
20800
46824
20880
72392
32288
13680
14904
34816
12440
53136
26512
35272
14224
44688
24952
11640
19800
17912
21384
54416
32728
12176
25056
13240
22832
26552
15128
7992
23952
29208
21720
20480
23816
29728
13528
19056
11592
29968
12080
12072
26936
15792
15624
17696
14416
10280
28480
16072
16296
35984
16328
30464
40808
17736
16024
17576
21656
26544
17560
15024
25520
45160
26760
26968
33408
25640
33224
41616
20216
13408
36424
14712
17200
50480
18680
11744
28648
35624
19384
23616
14720
19728
25232
14384
55680
16320
12536
12752
23848
18624
1035992
1200536
26440
34200
29032
44048
34136
16384
36576
15152
24992
43280
34744
28344
19584
13576
12848
20288
15240
11664
25088
14096
13928
20144
40608
16160
21960
17040
27352
24968
30776
38312
24040
23592
10104
12968
17976
17616
12696
20288
12904
25136
13592
21048
30488
17712
12696
13168
16136
10848
20264
30312
20744
18400
12432
19144
13944
13496
10032
12064
17536
22360
18344
24176
25304
14976
15336
29816
23696
16560
14520
18336
26528
34440
12144
13320
11072
24096
28008
33296
16032
14520
11440
13720
28288
14424
12184
19480
20040
12760
28960
16160
11416
11520
14984
24552
14704
34088
13200
14448
27056
23272
31032
16528
23920
18784
32712
22920
49472
15152
26832
39536
17616
16064
11640
23960
32584
14432
14008
19208
17744
12152
33552
9160
12040
16384
16808
27944
19736
19424
22720
19168
15072
35960
35248
21184
11528
15320
23360
22776
34200
17384
19600
14944
40968
20584
43600
25112
16312
42976
18624
18400
16920
27160
20968
30272
14264
29392
14424
12152
44984
19552
28464
23808
9720
15584
36432
70624
32192
45912
37968
29600
41280
13696
23640
22016
29752
30808
27880
15504
16000
24160
22888
25112
30968
22608
20240
21224
23024
27520
27024
61528
20072
39624
80296
44712
30152
34656
41208
22992
43272
40712
30752
24720
36384
12904
36808
27704
22608
48664
28568
26912
12784
16480
33984
13848
34968
40056
40144
13640
25192
14704
23496
36328
38856
31016
19336
26432
43168
24832
28760
81456
39720
95376
19312
24832
13848
30080
24728
40160
22584
38784
16944
19720
20480
23024
24560
20896
32328
55160
52984
19400
69112
45720
49280
17856
61616
70712
58032
46624
31704
51080
23544
47744
26992
63904
23016
17296
67232
78944
32736
45696
43144
41160
41880
25544
32040
75792
27200
62992
84040
14552
37120
22752
83720
52944
41560
53952
191456
68040
48888
31488
63256
101704
55072
18448
64976
42456
28456
39504
57352
62016
93072
26136
37160
33096
67728
58232
47248
74104
80440
71160
128680
60392
64928
47504
58592
65200
47272
43752
63400
63008
27240
87384
100712
71192
33840
105096
42088
54192
60232
86808
61824
80752
81360
156384
66784
96536
42680
60672
98048
119336
96232
73024
71832
88352
112152
128608
97024
141712
109672
146176
78712
77640
145720
159928
170376
118720
107000
50672
137672
115208
119504
99328
178416
111136
124136
113608
150776
139256
75600
164744
137432
176840
239936
161584
219992
143808
71312
112736
107048
101240
104208
153080
279096
95304
107608
147624
166624
118184
247424
164168
144128
159144
197440
254968
127944
198424
388688
504192
461912
228536
118344
127928
169824
675824
746152
758792
749048
443744
113248
149040
113696
93176
93128
140744
84536
108200
134296
121952
216880
177808
149832
79584
144784
168376
319000
165312
183752
117392
133000
97464
122128
152992
85512
101456
115080
164984
108536
258520
182464
74328
638040
1737056
436680
98960
102672
105648
186184
114272
138248
122104
244104
105768
176888
97752
78840
156400
148888
142224
161216
96728
168728
669680
807920
448288
180264
153056
232168
92720
205904
266008
168760
135528
110736
137544
175952
134456
87032
98984
213048
133248
90488
183744
167472
147224
147248
184960
128128
140032
145144
86520
121376
125088
152056
302616
200944
168120
86688
104368
151512
185624
131016
165688
169032
193592
215312
442160
447248
672928
259576
105928
131728
125440
116824
128928
143400
86408
148264
96064
140440
96600
90032
78864
130664
150152
138168
314736
510768
648280
520832
346504
262216
204216
191528
225768
232312
292376
168536
250008
223136
233752
222376
150600
227784
178664
103256
191120
126256
171008
212776
245368
177008
113744
151688
139744
198160
112912
104840
172176
144104
130344
124088
110048
129904
177272
157920
143136
138088
174928
185112
253128
115088
137560
143472
196960
197760
183760
125504
157584
173608
135392
164920
206352
166328
155096
151464
175328
166992
210440
199872
209936
142064
183272
199784
248960
211856
144952
114664
152304
148800
80056
127936
141608
104656
98032
151128
172176
134672
147968
142208
136896
87312
155424
98008
138192
122776
120096
105696
157168
151608
170240
91824
133024
139648
129936
220272
183784
124296
129144
134024
205432
239544
277320
198776
237360
230936
197536
276208
254744
239608
180952
219200
212856
227752
244744
191048
218112
159648
91880
186160
159800
98864
194720
131840
103992
130376
105456
268072
131160
134120
160480
121512
173136
179312
186480
170480
147160
154760
142376
133832
148176
196288
199528
271304
153976
175408
163056
151640
166520
194656
159304
155952
175376
190160
148992
118528
220232
142240
129952
167392
101696
139536
173736
145152
187120
93520
138992
159896
155232
146000
113600
186312
156224
145368
151808
205624
156896
157904
104640
240864
135536
80312
94712
224944
107208
111520
81144
139320
120312
109960
183248
149984
148728
103104
160728
149456
179480
164176
235072
163624
138112
143928
197792
256872
255032
159896
100144
368040
334560
315120
325488
395432
305696
298584
164920
158432
203496
154840
122360
135936
98120
104656
183744
153392
112504
141400
97064
148816
61168
145664
100480
147040
157176
164440
247984
131336
148392
183800
148672
158000
117304
84440
148136
205256
202184
150944
172672
146752
183296
200792
149240
155536
128504
125624
177920
166936
132632
136168
141408
173560
203064
238960
90608
180568
152472
114192
176136
156936
150048
191136
186824
163496
148872
239512
224352
214024
204144
135368
285984
225064
119784
205032
198432
100104
206464
170640
106400
120104
242384
204328
139136
157872
275184
646064
610552
684800
751552
684080
380408
364424
157160
159472
118664
172168
196408
199968
234376
203568
202712
238144
205728
112288
107752
169640
154784
170080
194464
242536
193664
160072
125160
181024
123352
165496
141768
156400
1051176
214448
196416
185424
131672
209016
170104
188952
180192
300192
3119616
138504
153688
209792
166720
276264
572872
582616
549216
473784
589376
699304
422400
118824
225872
244184
189136
121968
84472
133912
122952
121840
355080
286520
114840
74688
150272
150296
74384
172744
146984
116600
97424
181848
86832
154104
87384
107656
131384
170280
96096
253944
84552
180608
227552
241656
117864
195352
510096
642152
155088
227704
119688
119632
135768
185320
151664
228072
126360
117992
129432
176184
180760
216704
175664
261840
247352
349928
415784
249552
314016
272480
321160
456872
338056
321632
390328
328944
247264
195656
136000
142488
132280
186304
195488
135088
194888
103440
112488
80048
88096
81280
135080
125632
143224
190792
121072
134840
144152
116712
117600
131872
221160
130784
110664
144536
139224
79728
133152
159856
142960
129440
90456
165712
83936
214632
145632
201808
154912
151816
77928
140776
170480
159440
85736
173888
124736
141192
151008
204480
168136
174264
128480
140472
102168
171576
109176
193016
209296
151488
133656
113992
71048
192400
171488
128960
164632
181352
130144
140584
146936
220528
146480
154704
93424
152384
152952
127568
177360
192032
168176
160696
145240
227392
267200
139032
189896
188968
167520
157920
184632
163744
156424
184112
250496
151808
117584
177576
236472
179544
203832
146320
162880
208536
167672
155464
159736
153432
169072
201416
186408
177936
243912
215648
180968
206864
180296
140408
121120
148728
202512
128320
117184
193776
250992
158608
195992
188528
149576
231120
193800
145920
187416
142744
107704
131952
139088
162952
238328
183568
301328
173528
162792
110016
225328
132272
142544
129944
90496
164464
158896
195496
210392
143496
143152
204808
213584
279216
227224
300528
244536
275944
180952
241440
272264
203424
264224
260328
194816
167544
117256
220032
184784
204688
178816
152592
215104
242568
142360
118760
162808
223000
220112
269192
190776
223448
232016
293088
182960
149112
186608
283992
353312
285848
218848
151576
164576
334096
154544
243504
161536
181856
219456
241392
290152
176768
234112
150256
221656
120784
107800
118712
202776
93104
140872
94608
62608
99456
97056
137864
111952
124904
44856
71136
102144
58480
150136
110144
67640
78312
99416
83760
59792
77120
133104
63632
63672
81528
123696
104672
75560
144504
138512
312696
249440
240280
251400
314136
306104
170864
54392
51144
88864
65672
62408
57176
47280
67440
80752
60432
65080
277440
674976
328272
45216
55320
91304
83936
92576
67424
26496
96448
74024
48896
55552
28072
48128
45088
61080
29776
66152
20264
89592
87832
54032
29824
45000
61208
144768
121480
88640
166752
102576
80576
67848
53824
56232
34800
42440
168528
47568
110336
69656
47888
63920
28792
47528
42520
45024
53160
79632
33632
39552
30704
14152
47888
31072
57232
47880
65064
31592
29816
53848
56592
31312
42424
44544
58216
65376
46200
29584
46744
27744
33576
47968
37520
62944
48952
26696
35464
24064
28080
31792
59048
34720
55800
48080
70944
45480
27880
80776
35496
25104
34280
24000
60848
30552
27176
40752
36752
41816
47608
55912
41808
28784
23832
28920
36248
134992
23456
26824
35952
81832
63896
43672
45480
28280
22864
41976
30704
23232
42616
25992
35168
54608
30592
28176
43592
45664
33056
66264
44504
36128
58448
47512
22336
22896
25800
40752
28464
27912
34816
22976
34896
46152
32568
20088
15456
17920
48552
27288
31888
35080
18816
19504
18256
15152
24280
20488
19880
10824
24512
22832
22688
17648
39064
15368
21656
28136
12440
22744
21800
13464
63232
9504
17984
22512
24688
37136
44944
33864
11624
9744
13920
52128
20864
19336
29856
24128
18080
22688
14088
29128
14048
33912
12680
28736
17656
15664
9984
11664
27608
27320
16288
13504
26968
21144
12688
26904
25096
29168
18624
22304
19608
13648
20104
12656
20264
16088
45392
16152
14832
12832
25816
15304
13384
11952
20256
26584
16152
15920
10704
10672
994712
1226736
23720
23376
11272
12952
20416
11336
14776
16608
22872
26312
20352
19600
21208
13304
23672
25976
14376
14360
21768
18872
19912
19416
16232
9816
13256
17440
31032
31136
18168
16112
12096
14632
26600
17824
27144
18984
10240
26560
22344
65040
13320
10688
11376
20504
18136
16960
11552
14872
33816
11584
12336
21016
21016
10920
19472
20720
11648
20976
16560
11680
21208
12224
21176
13904
12296
21120
11544
16664
33512
46936
11816
27944
18784
12784
10312
9320
23488
11568
27904
12472
18920
18464
32144
22192
11824
30672
11064
17824
13984
14376
22032
23608
20888
33304
16368
32832
26160
15448
35304
26016
26960
34944
17792
26760
37088
20472
27112
11864
15976
46864
11688
17024
31408
21840
28280
33864
11192
22296
22000
18216
19896
22512
16928
15456
15352
14776
18416
13120
39896
12280
12136
11312
54640
28264
38280
20040
18368
33624
49216
16800
16720
22016
26440
29728
18696
14200
13480
11688
16264
21920
11424
21688
56560
38032
34736
24040
16872
13344
18376
18488
24504
26632
13304
13104
11312
25104
36144
14944
18120
15184
42696
14336
23168
17016
44128
28056
28112
23088
19664
23784
53192
29376
35640
39792
28008
15792
15328
13080
38456
17600
17992
19448
27576
22992
50264
32936
38608
38352
37872
51376
37776
25680
34136
38376
25568
49088
53376
35064
23360
33536
54312
52320
29568
26320
11976
48800
27240
25072
45424
23896
15712
23336
28544
20648
26176
13672
12208
42560
62664
23952
32184
21984
31592
12480
30208
20688
22792
18608
24072
39736
55976
22944
35392
40184
33040
30656
32328
31360
73208
48688
29472
33768
75992
21120
16568
42456
31136
41448
30392
33592
33376
41648
47296
55784
22488
45632
60512
44504
21440
35544
29376
28360
38216
32112
51256
37096
42160
47304
57792
29488
33112
48784
35160
17816
57456
49128
13728
33928
53576
37744
52552
32952
65024
47344
90648
42432
45104
94968
125120
116656
32144
96424
202032
241256
210616
209096
268752
229624
256200
62216
58040
74848
70992
47368
206088
612232
176120
112704
64376
44824
91776
54560
53504
63856
66000
42840
46592
57976
52392
63600
48808
34096
45064
52104
56232
53968
69832
86248
73008
89072
42584
66720
80952
151728
57248
93600
87680
87296
73528
69480
102000
107984
94840
57712
82448
201928
61536
64032
123944
72032
86080
42312
159120
95696
80488
95472
69928
85200
92648
136856
107984
99216
93944
108824
70792
71768
68248
125976
150840
98200
143384
121496
131008
122264
147432
133440
127416
86792
138512
145456
91624
95296
69456
91624
110496
136912
129760
83688
331160
162248
82552
93872
128768
158936
142272
155664
171592
115832
130320
103936
97032
132456
127104
112744
223864
134208
94432
56408
145480
131400
133368
121904
110840
156520
117504
134352
95600
125872
188032
79304
107336
58552
119936
145032
145672
94344
120816
115120
172616
204696
160752
94104
151904
137784
127064
173240
104704
113128
100688
109224
167936
85696
81256
80184
211344
112952
149832
108136
182544
168712
100040
101128
107976
98424
91600
138456
71912
120864
144760
159072
159016
127344
152376
155984
90320
116112
102200
83208
162472
135472
102992
162904
180744
162784
128256
102704
166168
173408
196904
142416
134472
230544
236840
183392
142712
91464
153440
84120
199672
136824
119832
177256
179760
100304
185016
251928
165000
81528
115064
122600
115512
291848
901256
672504
168008
104248
176560
124136
313008
144104
92616
87552
166008
133624
140664
133944
194456
993360
100656
168904
154432
168112
223336
143640
93704
92752
208480
151640
169904
266720
226912
170416
162736
183328
226496
168704
128528
155456
273112
209208
120096
147032
154416
191368
276344
198352
201584
409712
894328
383736
176392
147024
327320
511864
263312
327496
240576
230328
258128
219680
239520
316792
255648
219776
171424
205312
118640
79352
191016
168776
98336
102944
147248
133592
138440
189040
184080
135336
136760
180680
195144
411264
87632
169344
198928
412536
207024
113768
170280
143776
146056
80960
176208
209424
145312
120376
77424
144544
182280
117184
153264
94888
76296
170816
114256
78408
91752
78200
147344
94048
144480
63136
157896
102584
117968
109144
135704
133392
189944
129416
103064
98280
130112
169832
169432
106328
95296
119944
132192
111112
97464
256256
168384
118152
91960
151272
128296
137384
125440
118032
78720
137184
73976
108448
134640
176864
176272
187976
202808
169688
227288
212088
217784
335112
575192
569328
540448
461352
157664
95056
156776
131912
209368
135944
84712
155600
184048
200352
283064
143904
108600
181848
251352
239552
126504
125968
192000
905920
189672
264192
109208
218696
121768
149896
154144
255672
141416
158272
122984
126768
148384
194584
154400
623024
934096
202144
109632
116336
214272
103680
163264
155592
122632
98792
111984
97400
159112
112008
103144
97312
547344
568248
469320
112864
81680
122320
126880
119144
135672
208680
139576
145656
130008
93888
179000
145456
100456
130360
220528
196224
1040200
694120
128568
62600
106000
141328
154664
192616
219016
187184
239880
162912
146368
220432
296192
141088
333216
229144
180656
231736
158112
173008
190968
275752
150888
172736
144328
161656
170600
197464
105216
84232
113856
160464
118192
147200
173592
87176
155592
161816
109952
112776
145376
129976
138136
180896
5978440
285176
351120
274680
216400
2608896
2879112
220096
146376
142320
235304
118392
142288
304416
136592
177200
107824
131504
167480
117880
117096
100744
155824
174144
142200
81288
80784
90496
138360
110936
117648
163288
159936
157688
154920
146384
330392
82552
117472
145440
394688
291752
240960
171856
96896
77128
89192
110776
110656
96120
108216
94480
254000
106216
39488
89480
82856
320304
129656
120328
127608
135904
168016
99968
55168
96352
129864
111504
71248
84704
128536
190752
118480
108672
87160
143440
101760
81560
69560
86168
75024
64848
86424
86456
68072
109048
120104
65984
62264
78328
92408
126128
107624
104408
151904
114496
131072
61128
73416
72168
50528
86656
115392
76968
117000
73480
116720
78352
80880
94088
74968
93672
8231584
165376
434624
544984
464176
238056
82808
74984
118840
202608
97480
101920
104408
101944
140984
168784
134592
61120
164568
105920
47040
99696
61376
67280
170216
110472
75584
90872
68072
113480
63816
158096
98448
89160
85336
78560
53968
63904
45688
68440
78816
101616
102696
82984
61256
141688
155168
71120
67328
133328
132928
107672
56608
110032
121104
83176
112992
45064
59776
89280
79024
72416
141752
67888
154592
94712
70912
70944
57080
79704
96672
108896
92680
81288
90552
77784
65976
209648
95240
113744
116648
224368
132072
84352
108360
106816
86280
57464
100520
107936
129464
125776
102008
132992
137648
120936
183808
78904
67712
62992
69072
112336
90456
107952
106656
64752
113872
111280
100184
107448
95192
126944
40312
55456
72640
109112
110160
133656
100936
112320
94632
115536
116776
113616
117176
79328
167024
72264
47272
71224
111120
71224
89336
52016
94520
83608
65672
93872
52160
64064
88816
76080
85000
77560
87176
71152
89400
76240
95984
70184
80424
71024
99912
121656
90032
96208
109080
87336
66472
146672
73976
118072
62192
99456
92560
108856
87416
75160
95696
117384
105688
97936
144152
84568
145240
140864
123896
52960
79384
84824
118024
104176
69928
70528
113312
111656
48464
69672
74040
55568
62640
56064
46376
114536
52176
61040
97104
70800
116568
41736
114152
74344
75192
45568
42080
94808
104760
49440
123600
101176
75904
91360
164856
136040
188776
59016
77976
142600
186800
167584
213384
163584
103768
88648
88760
81520
114464
109360
137016
142320
77240
102616
74872
118776
65392
50584
112008
53872
36464
84848
73664
300992
108216
108392
157184
71680
103504
75104
110944
117560
135944
108288
99464
164624
102728
100024
97560
87560
66264
97432
76024
98216
127888
81240
122936
88616
56808
89168
88368
55168
81960
94296
70160
104336
98328
50344
103584
68720
58800
35720
83176
79384
54720
86184
49080
63872
55320
63096
92928
101368
101248
110128
60936
82632
83360
107736
99728
127080
86624
91128
68496
102856
65560
69280
44472
75312
87296
53696
58088
125816
40072
92176
39472
41904
37136
42504
49864
47088
44808
72160
69592
76536
58968
68688
52152
37624
77472
74528
60392
26296
61768
69296
83616
62776
24800
39560
51544
70816
70896
76960
70632
89744
69752
95168
41680
42400
75992
50056
80760
57232
36368
57664
56008
62720
52072
42056
57584
63672
60456
56304
41624
32744
42816
24896
49344
56784
52216
43464
70120
32320
104488
76256
49504
82664
45672
39320
43512
57088
67928
51392
56944
33584
38152
32800
38896
52344
32568
48368
33256
40600
43680
67568
22192
18488
14032
14152
30592
36184
48640
27392
38576
30472
43688
45544
25008
46840
40536
48920
71696
23392
38392
89072
39176
24344
30552
35376
28880
51232
23704
63048
32048
37704
19552
17272
39968
21632
36608
16656
25568
23256
34376
37184
44720
54264
18256
29472
28976
20224
17192
23616
31360
29680
21128
15296
20536
18048
15768
46000
13952
31784
48712
25552
19448
23184
31880
16736
24304
37032
23976
53352
41168
17704
43248
19448
17648
18496
18712
27272
33768
12840
21600
40936
27912
37384
27552
42224
19424
17712
17096
58968
76080
36896
32112
26304
27808
31064
33128
16096
11960
29488
28992
20736
33872
52408
14280
44440
30544
36328
29504
63656
25072
31064
15640
30512
23024
66816
25744
28432
23840
28344
26640
45496
16008
15896
50152
25168
10864
25152
17840
14968
23120
13448
32264
74064
31840
18536
30568
25136
19040
21160
22912
15344
13008
15320
36656
18968
29544
14368
18112
17848
1055424
1424256
16376
19304
18168
12088
12008
14048
11144
13016
14928
13160
20832
21400
13864
23552
13520
12808
12904
86992
20712
21528
14664
27888
15928
46480
22952
14704
22104
19368
22832
21232
38624
46056
14952
101608
13216
14088
17608
13184
18744
10400
18088
19736
19192
36552
12600
11496
15792
14584
27144
20920
32624
14328
12904
13600
21072
23896
13136
13800
19448
15552
16568
19544
14976
13000
19336
16664
24464
10648
13456
16776
16224
13472
23328
23048
47872
33736
26848
28832
30184
23584
28704
21896
16712
29400
24720
18912
64112
28792
26320
15648
19584
81016
72800
23640
15648
32336
24288
21616
20360
13992
35952
19424
21032
83728
15688
27648
12096
16704
18368
27304
13880
12624
16568
12984
20864
29520
19704
10720
17704
30968
30080
66592
16000
25800
20624
13328
41600
18576
38784
23392
40568
17664
16208
13352
17048
11032
18624
28256
23120
22680
43208
21088
21584
17152
12008
19208
20808
14952
34320
17160
47680
16968
39736
77384
17096
12080
27312
22072
16160
32688
14760
17912
33048
19264
36768
30920
23888
16000
34864
29568
13592
14528
13536
14464
13464
28872
15096
12824
29200
33288
24448
23592
11792
27704
26744
18680
13192
18424
33120
34144
15608
41968
12816
23080
42904
19384
33536
11560
20968
14240
13712
9720
13864
10648
20192
25960
19512
13896
36792
29688
20104
16248
34672
34672
41968
19088
20720
17520
22952
19936
36872
43600
16528
24408
21696
11392
10760
20104
15952
12680
13224
12784
46888
15512
27608
18152
19912
17432
20064
34240
17600
32320
51744
16280
12584
50768
39840
28720
22640
25952
32896
31736
11352
29008
34680
22272
30984
27480
18160
34856
22240
25528
39384
34904
22800
22240
52160
39536
51688
18472
30072
26432
30464
24896
12864
35984
39696
38688
29624
38280
42768
56928
40480
23784
26376
17192
47264
23128
42392
31744
38872
37824
36680
27000
25784
42520
22808
39112
35456
41560
47000
65288
49680
48608
41608
34328
31288
33528
35000
33152
27816
41608
45136
34808
37776
35632
64312
43280
36600
37640
41416
40656
34192
38376
31536
40128
44800
67560
51592
25984
29392
56032
21888
32584
31560
38776
52752
68040
62584
34840
50128
54824
70056
28272
29768
50800
44536
40528
57664
58424
50128
18416
39768
35352
40640
57048
49848
46904
30544
80480
71824
104608
79696
55416
48016
59216
19784
114616
27400
34072
42736
34864
66464
41312
61072
52128
43088
89648
67048
27560
54568
32000
30360
45720
56136
40648
26024
53928
40192
58672
48136
60960
59448
96560
49576
92048
110776
54856
48200
63360
47848
59992
63288
78232
37824
60936
35208
43952
52504
86640
49432
42984
56560
88576
51184
53872
46472
25216
51328
50776
18872
68560
25536
57720
21376
46112
63024
51000
75056
88008
72976
39392
38760
32000
35624
44040
39368
49960
57248
69720
45624
64176
59384
26288
68216
75784
48408
21856
53680
59136
42104
34048
44680
49272
65200
55224
27616
33736
86400
17144
75568
36592
48208
59328
96408
39448
60552
64672
73232
74488
54344
93544
109840
75496
105800
21592
84176
77888
29992
60344
89384
96488
67760
50488
76816
67808
38808
139704
62928
82456
101376
46752
107488
100016
68248
92472
54256
29936
67912
45048
40912
84184
64856
60520
55368
68832
97904
96968
89984
63104
33888
26656
69504
74456
96168
159856
117760
47936
71648
197616
183568
47760
79840
72240
49024
97832
64120
37664
74392
95032
97976
98400
38544
70008
83488
146192
67536
78600
86864
196184
76056
54048
149960
42392
77288
35224
40120
69136
67520
73952
54464
72456
50464
32064
89928
79224
74184
213680
100024
75616
14784
39816
71784
80016
81112
42888
44936
61872
80776
94608
84152
42080
27704
45592
64088
142944
128520
96184
105712
117480
46776
55800
76456
79368
54200
63096
65560
75712
69232
66080
86208
86848
71920
72168
111472
33680
46120
107568
68168
37488
71288
124176
25968
26672
43688
77600
144704
89840
66104
92416
55856
97368
128528
52176
49104
32720
58072
29464
78384
84944
68272
48120
102520
184504
203768
193400
175192
165160
182224
207336
165344
211064
86336
73584
61416
90152
52624
70440
80352
52672
41712
27968
57472
49536
47352
44512
53888
51064
123776
48872
49440
29032
32720
93904
60504
50264
31920
78496
38320
93392
75536
59128
63912
108808
25240
31904
72896
60664
65352
40256
65680
84072
75944
35904
36320
31064
47392
82528
71336
61792
75888
82560
53144
44944
33816
48200
86080
53768
99288
88848
90368
73792
59896
109632
52672
35912
30800
42664
107784
41088
26400
24168
55872
182392
40088
30224
43016
66736
121896
53072
63048
81888
82688
75672
62488
56952
58552
114560
439896
433192
325576
323440
61016
136736
44416
40872
54240
56592
107448
175720
30592
36968
66840
35760
109816
54744
119152
45800
36640
124736
73912
68160
46248
48536
64296
66080
78624
54152
91192
35984
80824
37792
33856
59768
68648
90152
20864
33128
37480
86288
40688
40280
21360
65936
48432
72272
44600
36656
48624
46408
51504
41288
72656
137952
55416
68752
55864
65448
36856
141400
118720
71648
39440
39976
142440
47000
57304
65832
97048
44088
71000
210672
238520
235192
246448
222776
211728
217408
71312
60520
34624
61352
94112
32936
25208
39488
48600
50056
43944
32880
36472
29104
48096
61120
63000
79560
57144
54776
58808
40400
53240
51088
35104
50280
56728
26680
46784
37040
84920
59176
74040
45192
49968
74800
55160
48560
19032
51792
60488
57032
40576
53832
32552
46656
92072
34592
79952
43440
75584
65456
101304
40864
48568
195096
72856
76696
109456
75248
114176
91608
38488
40720
41240
25952
54864
57712
113760
53976
40208
76160
152784
58824
49200
56960
37552
27152
101712
148432
59144
66704
40808
31328
60160
33080
46328
36536
53024
25480
71048
97432
123712
58776
16912
68208
53344
71728
83000
39992
78464
140296
35744
89584
58128
138808
43944
72768
36488
49144
148600
101392
83216
45288
27416
40792
70800
64376
43424
31152
84280
103072
44288
86744
66928
76600
97368
106000
111512
45024
61960
54552
27792
61184
96576
76464
114512
80696
79584
95896
79264
62856
52408
71112
50960
56792
47152
32096
46488
30528
53016
64752
66568
51136
51008
75984
53232
131272
82304
85816
93800
51448
70032
64464
105840
65136
94920
81480
72432
78512
64952
103312
60360
68712
432392
567464
159288
61736
68536
67496
102520
65304
71600
33320
29760
40672
73752
206456
109592
50576
72200
73776
48864
44208
75904
32416
70976
71488
72448
115536
82504
45080
41200
76232
60800
24928
67464
61320
58720
41864
57280
48808
49016
76832
54352
80640
54512
38216
54288
48104
76520
59968
71176
80720
67832
87880
84216
68168
86576
74448
124024
70112
74344
63960
38768
125344
48712
71080
85304
65992
77856
65656
49856
98160
91760
92728
28320
52584
25464
41936
60608
68288
62000
73120
186344
30512
53568
42320
59448
57432
79200
43080
99808
78120
82744
72944
69320
77424
96072
130376
125464
66240
57376
165976
72952
82224
85040
80848
64592
63976
734376
680560
258872
47128
116288
75280
141424
915728
763048
707944
94112
59656
47648
49672
115200
45256
35040
96848
55720
73544
140024
90960
75840
48520
85704
40000
80208
80072
66280
131600
85352
80728
62720
117712
46344
66264
48320
96416
50064
71000
54536
73952
45816
89664
69464
55000
66432
57840
31936
124720
150936
67528
79176
73592
47560
63344
56024
86344
35792
54192
103272
67008
51976
53336
45064
32144
74200
25456
53264
94440
100768
57592
62496
39296
32984
48288
45976
125528
50600
49072
55800
72248
44464
92320
101328
90488
133600
127584
110392
95864
208328
132464
118912
93424
93632
147320
225280
193024
96624
123208
180632
71936
97536
72448
81936
121144
235240
280248
275192
225320
227200
224192
207144
156848
50656
107472
86248
56992
98280
51520
49736
66400
49984
61600
62488
157848
55168
126768
57720
69592
64872
28024
75232
28960
51416
103816
88384
38000
62232
24912
41688
58176
49960
61088
32840
56296
35856
62216
61464
51456
68688
47152
72144
58528
58232
18976
102840
49480
57160
53592
49760
71144
91312
41768
44096
98856
63032
47952
46824
100968
1133528
180912
49896
82240
58664
98504
48768
36520
57520
57824
19592
79528
47088
50816
76928
66464
98376
47512
34392
70576
54200
35384
25968
50736
63360
21024
27384
109960
41496
52968
61984
83384
43696
61056
94912
13560
31776
25576
53824
44808
45024
53264
57816
30080
39800
32464
23096
50176
28808
50576
24576
34656
21248
38160
30456
39912
43832
40704
20736
26344
30392
35408
45848
11960
12104
14544
11464
30952
21816
30224
17304
48928
16392
17888
40920
27312
35376
33944
45736
46064
37632
79264
40976
24096
24568
18160
14744
13584
32472
16520
56008
19672
38416
40880
55480
17080
16056
12000
35864
44360
22296
30400
29608
18776
17264
27368
27040
41384
41992
55864
32624
46952
34480
22520
25192
34640
33832
33656
80512
15536
31856
25608
31384
16896
19448
17112
17224
24376
18296
30240
28368
14080
25496
10136
18096
12488
15672
29016
35232
30536
22344
35288
32296
21056
12408
27368
23864
20088
13368
13472
51096
31528
17688
11312
16744
9728
10104
12224
25712
44376
19112
15128
11072
17840
21968
10856
18128
11136
16056
12328
17720
21504
18896
14856
29624
13192
25568
17768
14912
18352
34112
12976
10784
17712
12952
45136
11000
23216
17440
12280
1072040
1105072
19200
15000
58448
22280
11752
32352
19304
30664
26504
13592
9776
38752
12632
16176
22096
11944
11136
11928
29000
16184
13224
21568
14552
12944
21912
22512
16296
23072
15712
16136
65968
15416
13208
11856
14792
34440
17320
12584
17536
40472
74432
13440
12936
29680
16816
20552
12416
11536
16040
59296
14960
10800
10488
61864
10520
8856
9472
19840
57416
73080
59624
11592
13904
24496
22968
12688
19752
16496
20680
36176
26384
19688
12440
52624
19392
13352
13576
20480
16160
29072
13224
20608
31496
17080
18592
14176
12208
14456
14296
19944
21360
15000
14656
13016
14360
14560
15792
19752
36912
17672
27080
32688
16088
14176
16032
14832
23112
16664
29776
17312
21816
17304
20184
13752
23224
11480
47864
17008
31160
20024
28944
16776
16288
13928
24888
22736
29896
23616
18472
18352
22280
21128
19608
10368
745136
345096
16752
13024
40584
26328
21208
20616
19712
25672
16832
14880
11392
12784
19448
10976
30464
25840
24968
14064
13776
13880
19184
15224
30440
13424
24568
10856
19168
33112
10992
41176
15488
16136
33200
19104
12632
14864
19472
11608
33840
13624
25224
37712
29208
23848
14128
11256
15368
10888
31520
13592
17240
13056
17728
11912
19656
15896
20272
13048
12664
20680
13328
12264
23360
32168
11560
11488
39112
47296
31864
28816
52792
23072
24072
15960
11248
13064
39296
21256
14976
16272
14096
14472
41776
19624
20048
15920
28384
12840
9880
31504
21080
27544
30120
10864
11128
12544
21184
12096
25344
40528
22792
25032
11736
18256
18368
26440
37944
17976
20440
25776
24960
14896
18888
34592
16968
31832
20296
14560
19088
19424
32144
126192
42360
20032
21616
21200
17080
19432
22912
21072
17832
33536
51160
34152
13656
18208
22496
16312
15968
31864
25712
36824
26904
23968
28272
63048
58112
28432
35744
58168
45536
33104
42776
24896
16344
18424
39480
11632
45448
32344
25920
19128
13176
18808
30304
39072
15680
10160
10248
20072
35960
32336
37824
63536
42512
28704
37904
27920
35392
53528
32944
44984
57368
41024
37256
59328
13848
40000
32752
34336
45040
19512
49320
12504
36152
32072
39200
32336
32160
39856
48040
40256
46920
22320
27680
40648
41512
35520
30384
47696
22496
21368
40328
45728
21448
23872
68032
89976
76560
24720
23424
26168
84824
24104
62984
42328
52240
38296
54232
60808
41128
22184
73776
64904
18264
57400
49144
59896
28304
57640
44760
70176
96208
60576
69768
64336
60728
30864
41040
50072
59280
66944
95672
74640
31352
93800
52488
96648
109416
95048
67776
82272
72584
59360
86888
89096
32856
79864
92528
99304
94928
127728
56512
50792
57768
57160
40808
27688
44336
33488
121640
44824
49232
78248
58432
49680
80112
59072
71224
54976
43888
44208
66720
81000
37784
61952
36168
90640
36560
81200
61568
75824
89312
27792
40840
54168
29840
82464
54416
42744
107912
61424
83752
38360
70560
19328
55328
22560
30328
44288
39248
66224
97904
82672
27600
140768
92992
55992
39200
96840
60280
84536
48080
98976
86888
79392
143264
144584
65800
56280
42080
27872
51904
55072
23224
38616
51600
144472
50408
75272
37408
68992
90160
51632
60848
115960
63968
42376
32736
51808
121664
52240
86384
69272
79248
91376
56144
58632
78344
66128
58312
62328
128000
49992
106128
50224
95384
67400
45160
43440
58608
40840
76408
88728
76704
88192
78616
35920
71112
61728
100864
90080
48576
92904
22088
42264
49824
59840
137624
43632
90736
41968
87024
63912
39808
73720
64560
66656
70104
69008
55912
55888
54496
54872
45512
64528
83776
61712
51368
50992
24128
73528
91888
59456
75680
68680
54408
116160
39936
42520
33152
53728
54232
76632
76672
74128
113592
85792
99720
32864
56736
84808
63296
97296
36000
67608
46656
59328
37608
94640
59216
23448
64040
28656
90216
97168
79312
32320
71488
81784
42808
98200
68024
40616
47384
65392
35384
97464
84904
87760
51056
25512
105504
43064
42616
70048
98848
53720
37456
52096
64648
27720
39296
42856
46352
79112
58576
81568
118360
65752
139736
80936
128488
127256
73160
78168
100280
63256
34304
63088
52400
73008
108368
85568
111568
101704
105560
65760
88416
94576
93912
156584
161408
129864
144776
74176
56264
38568
79176
34888
51200
88904
163280
102552
82184
41992
44064
42232
88704
57920
46728
52680
80904
46328
54672
72240
56416
123384
56928
55128
57456
74984
55240
47888
116472
74632
77312
52960
119352
46408
109528
54360
77400
42464
89096
62272
45488
37912
83032
99272
69936
92432
100096
58896
58688
72528
104024
68744
107064
38096
77584
82064
76368
53312
46008
51640
91000
58560
48600
84400
109384
54488
709904
653216
38328
73824
70848
41888
72976
100960
113408
62480
75608
82536
76816
59528
76216
59920
25576
67664
45424
101240
79872
90952
74240
67344
68592
55520
68424
94880
36808
50592
93632
83168
33464
33400
41752
59784
109760
54976
73344
48520
113200
73512
56664
56568
61728
47928
60272
130464
76880
57072
84376
45640
59464
66632
121624
98328
67912
83808
17928
24200
63584
91896
90680
67872
60616
49176
71096
76664
45896
72800
49200
53968
42568
65472
47944
98512
69936
42840
80264
90128
114176
120504
55760
63304
91064
47952
80840
73280
55680
80800
99968
76584
86568
92664
58472
58264
53688
28840
68304
47240
61792
114344
133992
57720
92128
45464
111000
72688
93224
69416
100528
129104
202640
41832
54144
150576
77688
68416
74392
70200
85104
63776
86960
157072
65816
41136
59904
41008
102032
93600
73944
68840
60656
51824
157848
80072
76888
119032
51304
136400
139336
121320
118392
78240
116696
125032
53464
64176
55312
103768
89240
104280
90800
64560
59584
79496
74048
91776
70408
93456
89536
85800
86448
71976
123344
87040
64864
83728
131832
128168
125920
84456
77664
80232
240576
70960
51864
84472
64104
190720
187824
42304
79216
48616
52904
80600
46240
41144
37048
68544
109776
55248
59064
73960
77736
58656
55920
34736
61904
112224
54768
114152
59920
49752
48056
52832
98776
28800
50904
70784
86360
112616
82856
52696
76888
66888
94600
42776
85160
92536
106784
106792
66384
126688
585392
650152
392264
54720
99144
35928
62712
46920
42256
35832
87232
75800
64808
76048
57368
151968
105856
61208
106752
85368
66456
99296
168760
85632
92064
72328
122128
143440
90496
131888
113720
137584
73856
59696
77632
92512
99552
112776
63360
47336
55880
56120
46056
54616
60416
55520
49632
130296
79104
33872
66896
67336
138768
54248
28800
36000
56440
76184
115232
42448
74872
49288
42696
99208
94112
98008
126072
84968
53304
76976
79896
80480
102632
81392
67848
73200
94088
72080
98536
49408
78768
74696
49976
68752
78712
73296
106920
136208
73504
59984
61640
92216
70976
68584
75016
66944
51336
107176
40480
56496
130032
111800
130216
139496
94744
769280
337240
239712
228968
297336
340472
312592
82720
70984
59120
80200
79880
78480
106344
123224
104200
161896
110112
118632
67176
49848
73064
96112
104640
130480
36088
113176
69608
41904
58104
56960
84104
90728
41136
70664
56800
118728
138504
515336
526768
132712
174880
148944
175480
116064
122976
109312
97280
103368
117968
192448
161704
112496
116096
136032
128368
168160
162712
157560
181072
166992
186392
188080
206256
193144
161472
189696
176904
163128
150272
174712
186240
190896
179656
96968
111936
93472
70168
68560
116616
420176
285144
100192
101536
132320
108232
61432
69192
80488
112784
73224
96872
104480
80656
62056
57680
110672
148000
108248
56392
63184
72184
78576
83800
142264
108240
79272
146904
56832
75472
91552
95672
82240
84536
73888
59928
79248
54160
67192
81408
115744
52392
62632
73528
96024
126936
87048
76272
54352
88664
53728
132112
104400
54176
90520
82528
82304
51696
103344
89688
88952
76848
64048
41480
115104
36552
59984
64608
59832
37008
104952
58616
53720
73464
101296
60504
74968
73184
56072
57120
69144
76008
77736
61272
30912
91744
47176
26264
23264
74888
52072
63544
79280
57584
46688
63104
38904
44960
33472
51640
48192
64280
54104
55976
32200
45320
86840
70856
51336
57040
89224
138896
105656
44464
62952
63040
42640
84624
74320
66048
50664
98664
118592
97936
213312
41072
52200
107232
38536
74088
65952
69360
33680
43704
71664
39992
66536
61064
70416
62376
139360
69168
59200
28728
64648
65080
45120
66072
22184
45320
49464
86232
72968
94848
69984
280176
185560
259136
243392
62016
28120
50152
88112
31160
40192
32840
42656
42448
41984
42568
43408
40368
31928
17824
68256
125256
28816
70104
84840
55472
18760
61176
31048
33744
96576
85000
88624
32664
18552
36440
28640
24408
56200
66320
32576
43072
15576
29392
57024
30184
30496
31808
29976
31704
39312
14928
32064
24568
20336
17944
21488
30904
26400
21064
10456
11880
51792
41360
45280
20232
23464
27568
42016
32120
19736
52264
16368
40592
25408
33832
69584
40344
21712
27968
12600
16096
20336
15032
42088
18832
13072
12752
48112
24656
23392
57984
14128
16352
21864
39616
33200
36688
36616
47768
18776
16280
23168
14856
32712
17608
38672
30728
43320
23208
20040
17784
20064
23792
38216
44504
22336
23264
32576
21584
13696
23536
27960
29680
18488
28960
19920
28648
19360
27496
22440
39400
23608
21976
30784
28008
15328
41880
29768
13288
14520
17344
27592
11360
14008
19024
13408
23936
20096
28784
27432
19280
16400
16048
23216
12368
15120
796800
1422712
17120
15152
12080
19088
21616
14488
13232
23232
20968
16104
14400
11152
18096
15312
35240
36120
16144
11016
21720
13688
22888
13904
12704
11464
11992
14264
11536
14776
19120
13856
30216
14368
12488
11648
13536
26880
11160
15336
16480
14168
12496
14240
14328
29872
28224
16576
25392
12264
24664
39384
14392
13040
11456
14352
26560
40016
22680
17832
27416
17056
18008
15344
19600
21312
14560
15832
15648
27376
24552
14768
21248
21160
15712
19864
25448
26248
16432
14728
18568
16776
21560
17848
22488
24608
11344
11432
27936
25680
17544
27344
18160
16736
14696
12968
37728
19016
16000
18768
17592
19144
22056
32408
98384
30264
21304
19888
17536
19168
21096
18712
14336
13216
14688
32096
14736
15440
15688
20080
29704
80496
26064
35920
67960
23480
31472
28320
40696
23904
25384
15528
16960
15576
24960
14696
12360
18272
17288
18664
23528
30544
13128
23744
21440
20856
27752
13784
16760
29008
27432
24880
19016
15768
30712
49528
22008
17080
22736
18704
29232
33392
25352
21752
16176
19760
37976
35944
20152
27880
26472
23680
17352
15240
13976
17808
18304
18936
25848
41944
37368
21056
24344
15704
21120
36296
16376
15792
32176
29176
28584
26448
21928
43984
17760
53680
61512
28920
15304
27992
24200
15280
30064
21392
15656
19648
34776
26568
25480
40720
26992
18416
33056
24112
36280
13472
22080
33504
23048
22792
35672
28408
14536
16984
60072
17952
22776
45648
24520
25408
54456
34240
42520
24512
20704
32488
26264
19872
39664
25952
44152
29960
21800
23240
34112
26392
44352
30240
22016
37992
47416
20568
23352
24808
44264
21200
25112
23248
15904
23248
24376
20016
19432
20712
44872
44480
19424
15112
34576
32576
46920
25184
30184
62680
25800
32440
19888
31648
42816
28720
33224
40528
23712
76016
46576
28224
30232
19824
45152
33400
36024
49920
41768
42224
44248
32352
227784
51400
59784
46720
76040
64696
90168
83288
50856
51344
44936
46360
59672
26184
57904
58064
54488
78272
64360
53592
114888
62064
64544
84168
59696
71968
65736
34784
34824
85432
52720
55880
63024
101712
88632
63040
65544
51744
49664
54224
52792
73728
66976
97568
161896
97152
71496
116424
95408
89896
80680
218848
114568
78680
127720
109576
78536
90024
144888
115296
120528
131128
186992
143600
119120
111728
140224
167168
176744
120088
201168
44384
157072
164672
188792
198032
134104
192944
121320
202600
123888
147096
175504
112744
198104
120256
173016
139744
193392
158552
183472
151392
168136
161768
146824
206696
260632
217864
157840
572816
527784
474488
480712
387496
245480
158376
214400
134760
153000
207176
162576
188376
164696
158800
172320
271232
137816
127792
143080
144536
193400
334536
146952
232896
205696
2009368
254640
147088
198040
126032
148520
134312
185480
167176
150688
154024
136208
208320
340088
149896
230800
93152
229016
182536
214840
128448
114960
153880
81032
137880
138496
139496
96312
204856
290632
274912
91704
216560
169856
198984
270648
296848
190168
121752
275928
200976
180264
176944
173248
99264
140968
131952
886976
175656
142760
225064
129480
128448
167648
129560
240400
152360
143752
3637128
211144
147472
106984
155784
143760
256504
178656
248592
266600
183696
252768
121528
165688
131144
130656
198240
433344
123568
166728
196088
182664
212776
226976
248040
229960
3222032
273056
223480
142296
243904
277456
162560
189152
161360
264344
212456
146696
206632
187896
281208
234456
453016
896816
169424
134232
129880
258208
116400
135488
165832
278224
144344
166328
203824
135496
168464
195056
172600
178224
141336
145848
175704
167576
185712
140584
170608
104064
135880
127024
143760
169912
134696
157456
155224
129464
198168
134784
153720
184232
255368
136704
270240
141960
165416
172320
165120
139328
169624
160816
212008
167808
147984
258160
304640
239712
157232
265168
160712
122032
192840
258624
269416
216832
143208
377208
134272
106464
148888
183976
115792
187424
271344
254112
156640
111888
169936
236408
291776
209344
186872
113504
114592
230328
144344
83328
62952
100752
137560
119816
183728
146064
128376
60288
162168
137568
103736
126424
177200
102752
102720
149080
119680
110576
74640
192768
95816
107136
77064
170504
129920
180296
161968
170000
155336
71536
123896
73488
117200
227296
150984
144776
185376
202248
109320
111824
166360
100256
244136
108768
93056
108016
136936
115032
119336
154512
104288
114568
135688
117328
143864
117744
74056
196032
599816
168808
142136
195872
115928
211192
125840
203952
178696
81048
161088
111496
221280
185120
136536
159936
73128
216024
271856
229024
204256
78360
113384
158288
133408
123296
109168
166008
124768
149408
223784
346496
73984
112160
96240
69824
94016
128992
103048
184232
302448
128600
228352
132048
82448
102304
74736
178024
158448
148760
139352
136232
174040
202792
136072
141224
173392
236928
144672
201256
217616
154336
178608
158208
142648
242856
273936
243352
223472
273328
108136
241880
295928
122960
106328
145352
192968
129576
221688
168928
252808
114176
211096
162952
87520
190384
139584
132264
170112
118576
149384
192304
93624
134944
96008
220024
310104
323824
207536
224448
289320
240024
282504
245784
245832
199192
215616
164680
284624
183608
314104
77088
94384
150592
153496
192536
77416
127352
135792
182664
196592
158896
183792
180504
211464
151608
134320
282848
144080
137768
161496
125984
119880
97832
115248
278864
137112
130544
131624
141544
129536
192384
74064
110264
112560
114512
96160
170464
168032
190664
176888
128912
109416
181144
135624
175312
216264
146936
174496
146848
170872
170072
171128
143848
141448
207536
159840
250456
221224
249176
198488
116032
102928
109248
191104
147072
123712
192904
135744
210208
216120
133456
153648
97944
255760
300632
226320
178576
135336
93920
157440
223312
122352
136320
173680
198272
90680
188328
139000
223480
127088
109928
210032
167200
64912
91920
129424
167224
167680
155776
167792
120456
174800
78168
110064
144216
154472
139752
106888
155144
135904
94144
176288
143408
139160
192856
139864
121048
127592
134008
98768
140640
101040
109088
111560
99008
83528
89248
247712
131256
195224
129784
66376
75360
134544
130680
91800
140752
424128
472752
423512
472904
98792
74624
92160
159152
78264
114384
119480
110496
176032
112464
149912
128544
91328
101672
126704
114152
77280
74896
108488
131632
76776
95824
106560
131248
68880
92536
102416
119944
87400
65136
141328
75504
95424
71400
71680
88040
80936
103160
69736
59912
98720
118248
100584
37824
82104
70496
67680
104232
79000
95664
43440
60184
133704
109176
211880
381264
317200
206240
276672
314816
248000
315336
84616
46824
82600
98680
73848
68528
118024
85232
106008
113480
70360
123848
105056
104120
112104
78496
408616
473456
273584
100184
82608
108328
115272
80488
99920
171992
108384
117440
87488
79336
107400
99408
184568
94144
51320
76736
94584
91120
71224
81208
141840
88736
182792
80264
112312
64144
43648
51720
57200
60088
127848
120176
116256
102752
73352
157056
100856
71640
90144
103472
55232
114664
147792
121120
167048
109824
89352
126840
112080
155008
105328
65824
116568
134456
480048
361592
261000
139880
122232
139976
55816
88680
127840
127496
89336
149248
67600
158496
94432
130912
69024
83272
77488
132296
162584
117848
106680
119816
106536
137728
81776
133688
104728
108624
86032
99632
76680
68216
149848
71248
109304
53112
101688
67256
105768
98464
82032
180976
119352
131864
109544
89072
96688
134608
170096
98888
74824
119128
79264
35960
62368
61272
65528
106776
91800
54760
68128
56568
55488
131760
94240
93360
149720
114168
155776
50168
100968
66328
87216
229344
108936
118008
151304
124160
82488
78080
209168
172576
210632
127240
162688
172856
41576
78344
115888
73584
73152
85592
90328
65680
71168
85416
99608
108784
66512
56592
68584
92976
111424
111400
140640
87600
99080
116448
138624
83048
113312
106944
76752
59768
85408
123560
117448
106744
76088
106872
80800
71912
126240
104152
98760
147464
88128
94320
97072
81312
82480
82200
134520
91104
99128
266008
372680
123032
67640
70264
86000
71448
30064
118232
71296
93064
64096
89136
80400
43736
40856
77672
65168
105792
112368
87648
88368
77536
70744
64368
115744
57448
46736
55592
59416
90680
58432
83656
66392
68320
40024
58960
106160
39944
43376
67480
45904
65568
67896
57880
58768
47264
45272
94448
68776
61344
64504
56768
82568
60568
35704
64072
39976
35216
58344
89112
58720
112928
270176
402336
471464
444008
414840
395368
295472
90152
51600
72464
36424
35448
30112
97824
39072
47248
107176
44960
52856
64008
216560
105184
104152
52728
66880
31424
39536
41600
18992
68624
37864
63344
145152
31776
42432
40056
26120
44480
45200
33280
22440
38312
43096
51016
33624
53152
33936
57680
68864
110280
64728
33608
59024
19480
46264
50104
28600
33400
32040
46288
27592
38704
58792
41448
63800
50176
23216
34712
26728
35008
47776
18432
50280
29680
70040
36872
64632
61648
43768
31760
44848
40712
41808
17464
32216
30528
26848
56104
32192
38280
46384
29104
43264
24408
27888
19544
16648
59128
42192
36632
25040
27088
15096
54640
24256
27272
38960
19800
27080
34792
30256
45256
42000
31360
19152
29880
25312
22288
20024
61688
33416
24400
15848
21888
30488
22984
27952
24224
30128
49304
25856
42128
13472
20840
34840
33328
39408
26976
34456
55936
31128
26000
57192
28496
22232
31216
13160
19504
85208
53472
51816
31296
35360
61584
14400
45472
46600
39576
35072
52504
45360
49992
32144
22832
16320
24528
14016
27632
16912
33192
17992
27368
19048
13984
18552
21056
22480
15440
22312
22208
23536
16880
43768
28496
25552
23016
21384
19824
97960
1140120
1232688
31000
26056
16568
35768
32552
23576
19104
28600
30272
22536
18352
32216
21352
39584
20064
27440
30648
22840
24872
25840
17000
18432
30672
25472
17184
28120
20352
16400
24176
23552
15616
13656
15088
18208
19512
29136
29608
33256
28968
29320
21616
13144
15608
27536
46840
14896
16456
13856
19880
11480
32920
15680
16680
12760
20384
22576
16152
13024
37560
26352
14552
12888
21392
37464
16392
48856
30656
13808
45432
14776
10968
17248
23504
17832
22672
36536
55240
12664
25376
24640
16520
12968
17928
21032
16704
15416
20280
19088
20592
35352
49688
21360
23016
23704
12600
17960
39456
30056
27592
39600
20672
16704
25512
23520
11784
27776
18176
71760
35352
15248
15904
27584
22456
45512
22936
14976
33024
21672
40672
14464
22256
32288
34744
18896
27600
39984
95960
14088
18416
22384
26224
23032
89664
15512
23968
17120
17464
15456
21784
18648
35296
14536
25752
31376
47744
23312
17320
16912
21976
14040
13984
10376
16096
22312
14096
28104
30776
49448
21192
34584
13224
16408
16312
32896
12800
15408
41968
42360
34448
35664
32616
20736
16280
11056
16568
36048
28560
48680
23464
26128
23096
22136
51056
43312
29736
21456
23144
21936
40544
27416
33808
21720
44040
30000
31744
15808
37264
43696
47512
29656
22536
17424
36320
31264
52936
48960
25984
37144
20736
19000
80184
23984
32688
30480
14736
33632
11632
68296
35416
58904
30840
54480
43008
24576
17048
59984
47312
43408
52248
44408
14920
47160
45120
36856
15208
26832
25376
48176
65952
43544
40304
60256
34520
30992
26632
24904
14888
36328
37984
44984
32072
25664
26400
19032
99912
55432
49504
61352
20496
54616
43208
42488
39160
53000
83464
58144
46088
65360
60480
47472
74440
34736
38216
31192
24576
41968
47952
25056
43336
35680
23040
35584
57528
63352
72240
27984
38376
51808
40456
81304
29208
62216
81976
51200
50528
39944
39200
68064
45768
63960
33008
66136
39552
97120
37800
71248
46232
47800
32904
70488
60664
44432
67336
79488
35120
52024
50096
31360
83600
78504
91496
61944
50800
33576
63648
57784
76360
58888
81408
29488
101408
62552
65048
43736
49536
79528
79016
81504
73592
73200
117184
80384
79920
92880
93544
63280
91208
115984
150008
137736
87424
67672
86872
143120
263376
172048
113864
76560
100160
119136
85256
108744
103304
182736
178984
173280
207120
221048
273560
316808
195840
133960
186824
105568
122536
274456
244000
83184
149824
74032
115880
107400
79144
132808
71688
160160
136816
107424
44240
178296
146344
133992
175864
254464
205152
86744
147712
213328
120472
135008
161304
166560
170816
156928
262320
133040
140976
2666512
152456
133784
114288
120520
140448
189104
113160
131552
119144
59048
143328
100864
65696
112304
115584
104176
154344
166224
171856
118024
119032
185976
98552
90560
94304
126408
115864
140288
183432
336880
511000
420216
488824
379064
136728
116752
108872
128648
129864
87368
116240
142264
195552
117352
97064
88376
167368
111608
118560
99608
151456
139880
144120
149560
161088
142248
125760
224584
141216
102000
154368
129656
93296
115792
202672
120064
154744
99328
434216
450808
527632
399064
263848
128888
97936
84176
90648
143768
143944
158576
114816
141520
188768
154992
74712
172832
144376
156800
150544
189232
180192
194816
175984
124208
120392
185312
163160
125576
65240
108536
125280
187872
156856
199688
118104
114648
201272
153096
151440
83552
217816
98232
244088
168136
135336
166096
153424
192864
101792
104656
115160
135856
170312
112200
140232
102928
98056
140696
150336
133152
199944
224664
179008
166752
150408
126472
144448
121256
106768
175544
138616
155928
99272
100424
190440
167888
123440
109552
130152
125448
86104
164440
117512
92544
148808
78088
127816
225664
316616
97576
86704
165064
154752
95936
192848
159840
140704
142160
119936
147216
195160
138472
160096
109784
127120
173192
170248
135832
149824
99256
115016
175424
200208
108936
163656
234080
244584
231056
107880
67784
145992
142736
82576
194848
138904
154328
255656
178368
219008
155776
191392
138104
147768
144112
207424
237688
181576
174672
182736
155880
210040
224912
190872
196080
173584
174944
203768
206208
110832
133176
323408
150608
171240
142896
103304
104920
144960
121912
137064
142032
128288
98952
116128
117904
150704
173528
164176
107296
164896
121200
194216
109960
135416
157016
241792
83936
160672
929312
550144
206600
310496
173992
286096
322776
227464
267240
237448
307232
230592
260768
197296
203688
175064
172928
169872
191216
145032
148784
287216
197232
270728
194160
166224
221096
221832
147080
226712
157184
165688
150560
194016
85824
117024
150504
159720
138608
215576
995800
187152
133128
140784
170904
241000
145272
128216
186528
143832
118288
152032
157128
201248
160480
76104
166848
268640
183064
232064
139568
148248
210456
241576
214904
176240
154920
136656
193992
94768
141328
162968
170464
214304
166048
93800
175976
178800
205856
189560
134384
164424
147168
151832
142992
168184
210264
142104
172240
197192
63808
136856
174480
223288
147608
120864
130584
204136
153592
190712
241488
139112
159488
146736
321752
188264
214344
342712
258856
139504
168856
110104
258576
237496
222184
205408
152248
224272
158776
191984
293488
120920
186392
160968
280248
234264
118256
183616
198128
126280
160624
182592
195936
272384
209688
197592
200568
176824
149256
171392
128688
212880
112560
221544
260856
153008
162336
174472
153944
204344
162272
228416
112536
105096
209232
192536
193672
140872
167904
308128
196608
174408
286280
200384
142032
91896
145568
107184
98168
121256
212008
241792
196768
204168
233128
164208
229016
159432
116880
135360
98152
115880
111472
176712
164160
113680
112672
170592
171040
187784
175744
149512
184536
179240
161952
134448
182048
133848
184632
104992
169616
105288
130992
107288
140712
102552
140616
132880
187848
105896
147584
187712
116352
143496
145096
144552
131312
99032
97752
135072
138088
134680
181136
103352
137208
114816
131200
165112
104808
141056
108648
271736
180720
218792
251928
153048
103344
108840
113000
180368
80160
96904
117152
158624
179208
148520
121192
119792
93080
101296
204944
172264
165008
102264
142704
101848
77360
130848
116496
107288
114472
177016
131160
124200
203440
98416
84848
315904
185000
346032
137304
343976
246808
302704
193240
175144
140816
136144
273768
201352
135960
128064
165776
204952
149488
290664
136016
136032
305336
158440
285680
130696
101744
113656
105464
251584
163504
120008
312160
187680
91600
127432
124528
145976
279536
328416
353792
332304
258152
282744
97368
112352
101040
72744
109376
135320
147816
209336
172112
58304
148912
84840
89336
101608
107208
105336
111792
158736
124984
194856
311728
215968
280304
303064
275376
228872
271040
171496
127064
167760
152320
342304
261216
372296
206736
197384
204144
262328
259160
229640
333272
176472
158264
184928
169616
180616
176280
172624
231328
207272
151288
149584
122096
290808
128680
235408
149136
165584
149272
86488
103600
131144
97984
196120
233904
288160
137976
170448
267104
157376
117680
235840
177512
147464
121776
213352
234248
110392
97168
144552
171664
214344
230400
215544
329192
431128
398232
118576
259608
118536
133336
169320
139424
136224
109784
113816
109400
187872
177088
113720
123096
90008
149048
154480
94856
108512
115496
183944
102920
96760
176320
111680
160920
110544
135728
96952
97272
174928
71104
191808
154352
113768
89984
89560
85984
93032
105584
67568
68304
77240
85864
59808
144000
114472
158584
753584
1153576
703272
213320
109848
110552
127176
101464
199920
102176
77024
109024
180800
118272
140592
105328
183136
118408
101128
158832
71592
101176
84656
132344
132360
53544
124048
83112
267680
146496
82320
125768
106144
261480
99536
143312
122648
103096
125728
119440
208352
100352
128024
144896
156688
62776
75408
239672
414976
356120
357040
355928
365864
340544
108552
113424
130928
219392
82472
94520
90376
169672
111600
91928
78888
102840
237456
157976
111872
81976
80048
100520
78320
49072
104832
98392
96672
122280
75688
103552
76464
77144
72392
59992
96072
78184
61824
99088
82456
122560
150416
197480
126424
180960
74744
76608
62504
80384
114688
118464
178744
135896
105728
77480
67920
107056
57032
37992
67696
117928
88488
74160
82440
57120
133672
53472
70272
151752
74912
89312
88712
146864
63840
170728
97408
185416
157152
242008
185656
206696
154584
50680
216768
203160
181376
165864
115984
33544
261040
235488
211632
137896
147888
112600
105288
65520
123712
113672
250560
280392
115688
150648
138232
55168
18768
67296
66368
104488
273208
156568
148760
127296
67664
31216
82808
60960
58752
58080
52416
81048
70408
77704
81248
41504
102968
95256
64448
97064
113560
89432
121864
49664
69968
93384
67632
133664
67120
95232
102208
116072
24096
82320
132968
107048
37784
103224
78616
97496
78048
96032
158912
30944
52984
65272
94376
54944
103000
39416
77432
88144
133088
100328
86528
78760
21704
122288
24240
92392
48192
73416
56848
81256
68080
82280
137336
160784
60568
85728
49248
109496
32760
116856
21936
74712
57312
120768
47280
25136
61112
44464
41040
26968
36144
21728
44640
61624
28640
28712
29080
44168
31464
19640
22048
20056
21544
26984
14864
22984
19320
30024
28136
34232
42616
49192
22416
16696
33800
17040
29408
26440
17288
23344
15216
29664
47688
16408
18168
31080
28016
38360
44392
55928
26560
14088
22896
31800
17600
27136
22008
30448
50184
15880
42680
42656
23512
21616
35352
47152
30856
18024
86352
50560
56312
27200
33504
35744
22760
15824
33536
14336
18808
26728
41064
39376
30584
36576
63168
22328
28040
28024
25376
23976
16032
18808
38504
36304
24120
35144
17488
31264
24112
23288
41232
17928
20176
27232
13520
35072
1152648
1070840
28008
25600
24280
14256
15112
22984
15680
16792
23720
16424
14640
16312
23512
52648
16512
16392
22320
41120
37904
30024
22232
36312
25600
24944
24992
21256
16080
14008
24640
16976
17568
19512
20744
20408
27824
14376
29896
14696
38352
18264
21168
26400
28992
42944
27704
31448
38472
47888
37416
27664
25736
40528
137048
46488
20208
33304
25216
29416
32744
34184
45592
25384
21896
23616
30520
24512
17568
17496
64648
20920
38320
23480
32640
45136
25152
42640
24072
19672
22872
30160
39120
34456
26448
34200
21240
58160
25296
21872
29072
14272
31408
23336
17720
130232
54792
23448
23168
31136
32048
18368
15744
16720
18496
20880
23920
21872
16576
29648
34784
18536
18232
32552
18232
41624
22088
25392
19024
27160
57072
67504
33368
22136
38024
19840
20232
20448
23712
27872
69472
138504
30936
17248
24096
25440
19520
24120
32168
25872
21496
31808
18584
15688
52976
50984
28936
61856
29176
15904
40504
14176
12072
20336
16976
15968
18328
16024
18952
35808
73536
19368
15776
20104
17056
23504
14192
24496
28288
70312
43080
18832
20744
18424
41608
32592
32464
31600
45112
25016
40928
43272
15392
21952
19920
20712
27000
18576
24848
42344
56024
65832
31736
24504
25920
23712
29792
25280
38272
50464
76752
37536
26016
40320
21800
18648
38376
31840
74056
64024
25312
29520
43728
54600
27056
43088
72672
32208
21768
30336
26144
23896
32896
47112
36896
51136
32248
17520
40400
25584
28992
19024
113688
58944
39704
35768
39280
53520
35512
94000
66696
30984
34696
57416
37192
30144
26128
32152
31976
38328
111800
32432
30696
39472
44000
28568
88656
32704
89880
42328
28816
27224
31336
28376
62904
53456
47904
59384
35376
26720
41720
52552
28888
62184
61360
34632
53720
97824
68120
236968
85968
63816
117696
86032
47144
40592
28896
38344
76960
60840
78816
65968
37896
51208
116072
153776
265128
164728
111464
69904
163520
83008
92376
112576
96120
125392
125808
91608
160704
235440
129752
140368
163200
136360
142824
92632
29000
88720
75648
73904
109696
128000
51376
81712
165312
133880
100640
75624
79064
64128
78912
117360
81224
95432
122152
112560
80192
122936
38768
49736
161200
184904
73984
56384
150560
83984
82440
92608
46016
146648
73728
60320
188168
113560
106288
99520
95592
106592
56528
144600
161488
118680
111120
211704
188912
354128
101464
105016
96344
142880
168664
160368
252120
177784
184096
98664
141904
165688
234504
240920
310968
350368
202616
119320
141016
94280
242320
129016
156632
235968
152416
268264
176096
172192
101120
145920
231656
191200
148360
129888
153352
186752
76672
646264
862464
128224
103792
224688
146088
137608
139192
308024
288664
218104
272608
269344
249352
388888
201944
122080
234928
137344
145864
136032
128104
214072
102504
139032
137808
113600
230960
150624
112976
97416
105824
207680
178984
212768
149216
117776
187416
178664
243200
136176
161016
196936
136136
114184
216224
277840
204480
215736
154544
126224
168176
162120
154264
123872
213760
152512
180056
152200
127440
171680
265352
156832
83248
239520
141680
130840
148088
260000
148056
91488
140544
168520
155808
103696
141032
155960
216440
310224
316840
255088
178184
226888
190488
97296
197592
204232
317824
333984
160328
98568
218032
337720
169688
131944
151824
134296
250720
174608
112080
208600
210784
116824
127824
148000
186056
129080
132336
177688
213440
244448
222912
182632
191040
182464
142000
114792
135488
146168
228712
130024
107368
184416
214048
124408
224384
178248
481296
268376
204592
117792
326344
179824
87016
119736
214320
253456
186864
198256
242976
117552
172344
205432
157920
110144
191552
148840
196192
274392
162328
156312
189024
138064
161960
115136
170744
208064
147360
157728
89760
78104
250288
122656
110256
187904
135936
78760
95424
155632
118536
103080
108312
104488
115536
187400
165264
137856
125896
134960
116928
175528
76600
136792
177448
111104
109104
69808
158056
145264
130608
134480
105672
220144
117160
153712
176104
98192
227248
208544
111576
133624
115208
157640
191800
182368
195160
143600
139176
186008
194504
122424
82240
213528
179224
167656
129472
165424
166600
175496
139344
191056
139832
144296
161576
243184
138952
230904
159744
224376
155960
236872
226808
147392
124400
145664
140888
229120
164624
113368
169752
123416
95280
163200
163360
88712
105584
217696
116192
222712
309160
140968
120320
197584
141280
238216
181376
219488
288096
251632
280056
126496
157200
551232
1063304
406016
134776
202384
163056
164496
190912
184272
138192
213720
149664
121576
138776
209856
170352
205048
149944
234312
178544
175144
150704
189632
98808
134080
152120
143232
216064
123232
260616
123392
138560
142728
233072
192784
331120
150776
116512
135640
147952
168696
144696
137760
130280
179000
188792
136112
185656
166552
111624
139136
212320
161024
165616
159976
163560
219592
127256
243280
94152
150984
90864
118440
297864
254208
299696
551368
395040
574408
313944
118912
157256
131632
163608
189968
179144
102776
141568
144592
135648
137792
175232
124912
93688
147248
235760
195736
164568
253968
149896
124896
118120
116768
130936
179624
203856
216040
175096
167240
259856
205320
189176
263344
240312
147888
197128
157152
187928
138264
207880
135616
140136
239432
200664
129064
137088
425104
183792
