208660
225333
172948
172959
143932
159347
132399
132249
71460
50243
38739
51968
20397
23922
42801
43221
103595
195614
215665
235514
263764
219856
310731
248738
224791
259933
168259
211437
166486
186481
116630
124786
69637
45051
31475
47670
22729
24492
31014
46816
121301
188782
240312
189236
179330
168997
193117
184390
233902
265398
152393
113196
119730
132724
129010
95795
61051
49081
45445
51251
26888
23960
28363
43870
84047
176545
203490
381622
492089
313259
341124
363821
389770
379367
249735
268939
257571
203760
217015
176382
116302
56857
51385
55727
24507
25530
39120
80260
153880
236726
114560
87118
78968
76652
68790
42493
29341
19551
48732
12168
12586
15162
27513
44042
68755
82952
76698
94712
77456
113125
124322
69193
62532
78164
109970
149483
95868
123002
73376
47147
29502
28748
19359
48442
14204
18503
28068
53823
93822
183141
238741
205792
186051
197989
299188
227500
277564
206959
165217
156691
154662
151412
130751
98658
44125
33091
21651
61402
31775
37062
55254
72040
108893
175253
236830
219802
332683
232657
323546
192190
263251
191337
165117
132018
133466
104933
100965
68415
65244
27255
21963
56740
19265
22109
25004
73821
96816
152478
168891
208021
187995
201441
185515
247411
251304
250667
212486
191582
148992
103537
109591
82205
42989
29746
17518
48390
22566
17592
25813
42956
91368
189671
213842
244996
254804
235287
322513
293398
300717
240780
164895
124403
164855
137982
105156
81731
81505
43452
25815
60020
21780
29537
50965
82699
111964
242183
229058
328753
250333
247547
326041
310636
257903
254605
173529
137540
131728
165295
143355
71537
56532
34442
21696
59168
30002
29138
44453
47042
65509
87254
106384
117067
74493
98100
106364
72363
66288
87242
79099
147800
85281
107614
98641
99059
55641
61389
35182
64412
91506
40175
38181
39849
60794
99257
101688
71390
82688
124304
98420
94702
84691
120000
115483
151110
96568
152437
138471
94791
58817
36003
24679
58872
39842
43530
63005
61657
115981
200759
231458
235607
298266
169153
223949
243896
307187
297182
133800
113005
156803
140207
122963
84509
61962
52723
41747
77338
80598
37519
36374
52816
89658
158976
181368
238779
259450
210436
226516
260199
202221
195530
159665
130147
169332
138198
134165
92769
72094
48108
42630
86592
63735
21265
39446
100072
111745
167960
202033
327912
237488
187296
315904
231281
299485
175024
159092
127948
141854
160861
145889
91116
124130
43046
34385
65826
26765
23756
29469
50034
108946
216625
181617
230703
190938
212665
142593
170582
151323
156084
100243
119285
110825
121629
114338
76038
66055
41743
28674
62232
28041
36140
39608
53051
104878
172152
130860
191889
166331
187891
213759
173945
211663
174894
140900
149860
112752
102562
87102
55703
48500
43133
40217
71438
35762
29792
34296
48140
65296
81168
82231
130203
76292
137766
92101
138263
82222
175222
88524
96744
107705
70813
70467
64496
48441
47250
39899
68629
34576
38489
35087
55646
50649
72449
83319
76072
55784
78355
79224
85131
87371
112596
93177
83829
113011
112140
87578
76373
56144
55908
44533
56672
18313
26088
34009
49038
100782
198014
201082
207138
216020
174452
264711
254102
232636
203308
139329
141527
107577
98972
80440
61882
52807
63832
21524
46961
13224
22442
29609
50057
74379
134764
182664
172819
177168
172565
142802
179093
187472
278321
115504
112586
131171
158763
93023
112966
42515
34735
28867
60942
28471
36528
45575
65287
88134
132817
197218
201554
238091
175637
243757
328164
244565
261694
151371
147083
161521
153095
155007
95890
74615
56539
59501
80391
57172
52874
63821
77122
113492
196967
207893
249688
249556
229842
251986
253440
243128
213279
248633
215811
166561
166121
121777
98466
82929
68137
43815
78980
44779
51885
52899
71714
133642
193155
258362
223233
241221
200751
239691
309485
170190
243732
177029
147780
143604
161519
104992
76744
48673
40582
22945
57814
21752
23251
22880
38434
50684
69897
86480
106885
129193
96366
88004
73105
72999
99372
82518
92838
87524
87270
68995
55668
74491
31438
31035
68556
35205
36925
44466
54427
74783
93649
89232
144435
91456
89209
98088
77673
90412
111902
110887
107566
118343
129788
175965
97125
71694
58861
46499
97720
41262
41784
52089
66422
111658
189820
249539
259758
204035
266927
399056
259946
229011
240238
146676
207062
130542
164322
114748
86205
62218
51289
43813
82723
43258
53472
46106
66021
96984
178096
198293
257512
262655
173540
196661
275509
345999
204352
140154
136624
175788
108078
134292
69204
44153
40293
17818
50311
16077
18641
24192
40368
102224
231193
237710
248846
243000
286942
201291
176816
252823
173594
191009
135199
113139
118574
107174
68371
40809
25545
15445
48970
13051
19157
27941
54004
86870
162889
222502
221881
328174
239454
281373
226271
183489
209071
161475
151522
133539
139824
124708
90578
50819
26919
24253
54447
12889
20181
24646
59804
85148
180930
195790
211659
236118
162128
247793
342163
233470
145259
117312
140346
173296
169736
164691
156427
63732
40745
22061
58488
22438
23102
36613
36752
88343
238949
115748
179903
100322
102440
90589
86637
123278
90862
85519
143898
88144
70563
76805
44560
50688
73530
22112
61332
24014
33761
43373
45532
59608
99009
90585
85073
59287
74579
76361
80195
81704
79407
129233
95324
84430
96125
103729
70789
37342
45213
28227
63470
22443
22802
57534
45762
87467
180391
182225
224369
265998
203344
201458
188181
207365
201910
163111
119198
138635
204159
105401
117925
43752
31340
15716
47402
15897
14581
25116
48187
93351
124788
209290
223378
201348
196485
232998
218456
202047
208922
133077
89717
97943
91874
94493
84656
66194
50997
50806
76085
39607
50831
52921
68263
110139
191211
190986
260866
205569
147888
192481
373853
239889
222971
175288
131676
120942
143954
132979
95218
72473
59564
54315
80410
40870
47965
58085
74363
113054
182234
248828
194675
180478
253256
244088
192671
229164
343951
185491
156017
170276
159602
134843
94201
57328
41638
28697
60431
27935
28040
37308
79679
126915
171732
213750
165889
159687
153658
198667
194012
169529
128812
109845
146191
149220
152063
169826
107312
78963
49320
33086
60627
27518
31218
26562
41470
65649
75679
105360
76566
69298
87509
71380
66516
65960
114090
59517
89305
79865
69503
65416
71394
65096
44685
30177
61881
39332
39985
51940
55555
72824
109774
87260
57590
111231
67014
69106
63395
66243
69034
89495
69675
78898
75232
85993
73402
51771
36468
39212
80412
25977
22421
38161
49083
71852
164256
174347
227310
177180
194577
171477
418527
203552
301378
191703
141172
116281
132370
97270
68559
42721
27849
19581
56474
15606
18476
28786
35165
81805
140966
247002
257449
204720
189747
239353
234744
279170
243024
248154
149167
142398
139776
120280
88628
55913
30561
20268
52195
17492
16993
27554
40306
91957
159631
238729
213518
201560
220577
208046
248079
295372
266977
182227
173305
180041
161486
143455
81330
96281
35104
22878
60507
16381
23038
30431
48934
101818
181917
268835
195704
213076
197536
258533
224111
238258
209441
169594
159342
132124
355017
136574
82307
41645
30026
38808
49259
19315
36496
40368
61128
113245
201417
190364
202139
249462
192061
184716
229595
178779
131111
161722
121865
115760
157358
99043
82005
54024
45967
20436
91305
15465
17909
25828
57270
52419
67340
73783
149836
73742
109008
80823
96608
124722
77970
94695
92519
88390
88651
92139
64396
48773
32349
19651
48414
15325
14481
17919
27872
39066
49556
86136
71305
83672
67988
85040
66951
82118
97590
91193
91722
116449
88563
83604
61439
128386
66467
29929
57198
29581
40273
48477
47300
100751
222745
190449
231452
304288
212123
231645
231560
241787
204574
164640
125091
153635
169681
97458
71097
56921
34016
24702
49721
21172
39256
46681
72014
181383
190117
258414
252411
279391
228671
236552
235606
320802
298784
221305
174328
180393
171187
181426
114273
80574
66871
55353
87515
56716
28744
32458
55467
99949
155182
197086
178941
195668
178981
179120
208044
334106
232055
189399
156992
156605
147933
127702
113578
72045
47118
35997
67983
34332
46676
52497
70215
124514
178890
193287
216518
206216
234126
229728
309618
260058
248920
162664
161208
149408
151048
130211
99660
55185
31959
15035
53561
17321
35585
46507
59137
110116
174699
243884
253397
278802
171092
160673
194892
297658
175052
156612
165269
143100
101902
92855
88612
97842
30609
31760
71311
32932
40952
51490
62235
56404
78402
81520
88558
82840
88258
82475
86852
95531
97539
74695
71185
82807
136974
85202
67905
155418
48172
58900
60309
30768
25311
33785
33600
38275
77394
87930
69973
116572
105544
83515
83062
110224
118462
108895
98457
119734
108810
102868
114248
64479
27334
37477
70795
34698
45957
57469
68761
65320
126045
178206
138490
168832
166340
193140
260158
315660
262001
140072
118928
141703
102277
92986
69993
39120
38692
29991
80758
47489
51230
54026
77335
94495
160891
174272
255470
222930
167439
301804
244250
306355
229078
146898
145603
111316
123905
95964
69285
52974
28894
21475
55933
23243
15999
23997
35189
76693
118513
177456
152159
163708
109117
209052
176754
175093
170357
150235
157856
134139
128601
120271
87082
65190
65560
36750
71524
36473
54922
23224
31200
62273
111564
132550
187034
148351
122462
154168
184051
264789
174361
157442
113880
97339
102239
80523
74668
55096
42727
34215
67658
31918
34935
39298
51241
111765
161495
169023
162844
174080
148871
165408
154274
124762
151767
150533
139802
109894
151153
109835
112964
68406
45175
23818
61457
29910
30051
36419
49515
54857
87931
91609
72316
82352
92467
85442
62921
71683
78202
75367
85894
86093
91197
134405
86228
88004
75417
80559
76524
45392
44847
50632
54679
51655
56464
71900
84617
92884
76849
85139
76106
65480
72874
53316
75893
76132
91622
147196
81052
57580
56291
51522
83088
52658
50493
62898
74818
121574
183724
209995
248102
251325
223821
231609
232813
277669
264154
162240
126712
142211
124976
101212
80618
63035
35252
31167
66471
19764
27152
38123
63610
86210
160616
248048
295002
277793
259909
218970
196350
369956
398965
136916
154250
147469
169252
167142
99245
73707
44181
31837
59522
36353
36040
44454
61680
101730
217075
303137
266062
423500
231240
208839
310736
310557
303915
120035
117207
127985
137435
133625
106206
69081
41991
34570
57676
25985
23931
33827
53624
74115
191118
195583
191092
137886
135420
184193
200197
235176
189291
158868
149777
138578
132622
144144
119722
58070
41107
28032
54706
21498
22364
31936
54331
84071
157353
303175
160534
141679
101986
121959
201574
114526
162448
177129
163323
224898
188013
165949
133119
88361
57446
44921
77413
25606
28310
40629
48822
74060
80346
88929
85835
81590
88372
81456
94956
100850
102527
104845
108602
100332
103643
86135
83005
84431
61255
44053
62051
18543
17863
16686
23809
34066
54028
99089
73802
82460
101501
78913
70756
74446
73986
78019
231081
296820
162220
125178
80876
60560
35315
29710
48038
15919
13015
18705
31850
49552
67598
79146
90483
78504
159576
70186
68488
105304
115705
92222
79828
68621
89634
109100
80784
62679
54609
24929
60810
16793
24400
24228
42116
82654
155560
219030
196054
168239
257291
199834
258110
276541
235364
223468
246246
268758
193122
207422
115916
75462
48409
42876
57444
27637
28114
40048
65311
109827
187079
248685
244236
277291
221616
174900
229080
168150
192427
156765
128761
133722
177106
135311
80322
58766
60796
31688
51136
25498
31447
26058
49893
78191
129112
137088
160250
174240
155383
158477
165503
203072
124761
109344
112748
106179
126143
85849
70701
57065
40447
25891
53475
18652
20364
27281
40091
127345
171934
167050
179394
168078
160446
187716
160352
159712
157408
151351
120123
115300
93083
102460
81216
51446
53187
30581
59432
21014
22263
28385
47967
79052
108614
135518
125530
140494
110825
104677
90456
95988
87791
107137
103086
90126
79605
80229
62171
42119
24822
26270
49624
16449
13789
18949
27838
55311
146214
122164
118823
89691
102638
95166
121394
105864
98611
122852
95658
94114
95062
98990
76492
57221
32545
28752
51795
17642
19322
26798
58707
101025
107778
147116
100116
87430
101388
151896
107183
89218
112944
107010
105018
102163
85451
104501
64760
46784
34406
32019
63350
16966
28308
31282
52032
74074
131430
150065
184399
200373
183501
211520
217920
268450
172639
140568
132892
130724
155527
156586
84982
61577
40229
30721
52949
21214
25146
65015
64243
131234
266113
258652
283241
222067
167862
177203
195217
194175
156292
98522
109531
88373
92105
76387
64804
44058
33335
21450
90496
13816
16048
18827
38026
74425
201743
159557
171711
224646
423628
258671
245135
198995
170233
192260
203098
180776
158702
134520
103833
75991
48351
45401
77108
30096
36686
34729
46120
94368
203048
216636
282832
260965
245980
278922
272423
246139
150806
123291
134689
102780
87814
130895
73694
52346
36472
39374
61865
27232
23844
31209
44233
57452
68949
108361
139120
70802
63459
113960
100516
64566
64275
68276
81741
82647
102391
64902
69257
54559
39743
38614
56876
27072
28960
24670
34696
49824
59724
69166
70788
74036
73165
75087
74911
99017
88888
82239
106928
98212
105245
85781
68176
50436
36973
41584
59307
31902
28816
39122
51889
99762
153853
185566
196967
246889
198260
170656
232405
196211
157039
136462
126446
117899
115904
116071
77707
54034
40479
42612
64711
13301
15668
20172
31859
84988
169698
185754
172079
185528
171310
236252
219674
277058
196102
170012
145049
136492
132980
122568
68205
53677
35988
23647
44715
16924
17431
23106
38671
78883
142702
175171
159710
185998
161522
151107
174464
147652
172108
152564
141311
114270
107879
96671
75687
48213
23960
26726
58735
30017
25626
21816
32880
63072
163519
171726
204823
152256
120993
186991
224685
186638
145881
94393
117898
111944
91087
111763
71877
69266
40239
45040
58418
32397
32083
35999
39977
63029
116997
158385
198152
218222
193050
174207
209885
199880
137888
128872
137260
143688
148506
90046
90583
76977
33204
33034
46378
16018
14721
17690
28526
45134
63892
86618
70950
65732
77262
98422
123290
69245
71586
83896
67249
100533
85379
66765
82281
37730
43348
39361
44975
18189
21024
21580
43220
61748
84665
80415
64907
81286
133722
92209
117459
86633
83658
83146
83982
90401
91190
79162
114720
42349
24334
25039
55321
37538
18168
20894
36033
87706
219369
204887
209664
237533
178833
201741
166741
162851
146360
143368
136115
119237
86650
101303
70179
36254
25421
25969
49913
34238
32599
39730
69343
92982
125907
160723
167954
163270
157366
245171
207648
179749
152043
163800
99156
109514
107592
109449
62539
46261
51673
31621
45139
17623
18332
23879
36373
93286
117458
158473
193961
188150
167626
166942
160273
165211
166730
108169
88119
95826
135177
92304
56994
60537
24202
30612
42415
15542
18620
30767
85181
108723
203910
178622
208317
161662
232442
200336
187618
194655
178795
156179
152178
119612
126714
98221
79402
66627
38115
28892
38730
13867
20039
26424
73415
97469
218692
174982
180506
163468
177650
219193
174206
207533
156937
109976
100095
98589
177758
125707
103290
47889
24891
28225
42110
13591
14315
17825
26197
38920
49249
55167
68197
72906
76329
59865
85162
65663
70228
93839
94112
88940
82054
57428
123294
37284
29981
24910
39040
20156
37339
42555
34206
44027
38816
73772
57743
62824
54713
63516
63976
59125
88127
141916
79093
74580
78644
67130
58896
40788
25904
41450
59640
18550
20484
28500
37205
80057
189150
160749
200464
258740
179281
195950
180046
178309
164072
116396
129603
124432
144575
165743
89084
62696
62441
49827
57305
33038
33623
26741
37476
69047
169388
162144
193468
254815
212654
187360
253634
254637
136292
120160
108609
155933
123213
92304
63877
41703
28188
32436
66671
44931
42450
31498
53515
89946
152967
199804
256417
199905
199454
203614
174682
193429
136634
83513
86501
123901
88660
96535
69564
59565
37912
45973
48389
30963
34218
40104
44998
77506
153744
192606
166850
155063
213910
221381
190858
244054
225245
134872
159827
166294
114076
101552
74952
46509
37140
82887
45548
19366
10404
22874
50077
151511
185118
176404
176361
192741
176265
176880
218749
159891
129103
117532
114617
142945
101333
79662
68220
49383
27188
29713
34223
14718
11874
29908
38581
65904
69075
69556
76106
67046
52056
102500
81082
94142
86594
72369
66729
98672
69858
64620
42169
33489
20092
32194
55682
30104
43129
40084
37133
56483
69476
91090
94294
84907
107340
109825
104167
76184
102332
140014
101789
101377
96946
100320
68661
55147
49275
53172
67659
36028
40685
39965
57705
88095
205229
162372
243187
255948
186203
248663
274493
279156
184792
154819
108186
160476
115739
118727
90794
85677
62139
64062
70289
52077
60281
49899
42590
83224
130586
214443
211128
263572
289072
280525
254802
258896
323469
216889
194755
179280
237265
155336
156744
108093
65570
70427
42464
15097
18749
55713
80211
105059
169247
215470
205410
211497
269667
208259
271119
176672
230070
133575
164541
124897
115648
100031
81946
79088
28823
42756
57145
39410
44716
45057
69343
93107
163903
203026
229875
224238
200260
206483
222513
208221
154869
120732
170940
131332
123739
95126
83368
56061
56592
54796
60389
50444
42329
50660
58477
89941
159886
192454
261713
167248
198324
185005
200918
179808
126935
115139
113462
95778
126280
79019
112109
89102
63795
54683
64122
42474
43327
36250
60764
73716
82148
91368
91777
109833
90095
119783
95376
66230
80191
67567
95907
151278
89972
130479
83201
63378
53570
64492
61743
44445
44919
44280
64772
104750
88907
118322
99756
66025
85548
83398
69326
138452
100212
110496
95619
97706
89866
62190
53762
33637
19647
45328
63433
44547
53960
46086
31060
83620
199837
179406
174133
202930
164704
220106
199528
258384
228360
119959
106935
155478
116543
101915
60692
37063
26546
29718
66689
22792
32283
32628
45844
93345
153959
173020
178551
177266
180791
205822
176653
218951
194181
150503
112686
116012
131770
127675
89206
43024
45972
52027
38992
28771
41326
47052
58720
98362
182144
444825
307047
200454
161998
249121
284272
289725
278184
153413
133620
158785
113607
125053
79378
61103
26422
32625
60887
15267
17467
44889
96200
115327
234748
211086
259013
166311
188821
223039
252842
196842
182782
115565
125052
151881
171432
108804
135937
61540
54318
51230
59102
34215
33509
31228
63405
82648
179629
169092
174939
184113
157165
201808
178611
180018
110931
129933
121748
91814
102643
85600
67231
56162
30105
37271
32690
21824
17056
27698
31201
41667
53497
55630
63354
106744
60660
59266
62351
68780
96148
115522
66943
181053
273390
295482
175316
104483
30485
32893
37801
14279
13530
18860
29996
35830
48111
87112
90210
72044
56372
96476
108127
61240
64648
71546
103783
86601
73029
71049
93440
146761
268786
338318
190571
33603
33712
50175
56353
177021
168596
236159
223518
228261
233116
299760
260576
287463
199810
135944
105101
109104
106198
93211
150628
40750
149301
635124
668880
325804
119895
61059
78928
96337
160880
185916
423725
328943
338256
353741
353704
375596
317568
288603
203770
213589
104072
85734
82149
44484
23764
36564
40204
20879
25386
40642
52343
84034
140524
169634
265734
156052
151989
230122
180991
155055
200424
144418
127268
109048
103554
126985
81546
71321
59576
64602
64211
45300
45157
54281
64357
76010
187762
193405
190706
176062
318779
159435
278082
297515
233530
153361
167247
103317
116437
96167
73918
38640
29767
43156
40673
17918
23110
22070
44379
80995
149313
233766
212505
165543
187137
193123
229502
184708
130100
126212
88317
100520
110233
70899
49872
42766
25712
45478
35009
18276
23200
19613
29017
49983
68332
94186
60361
67969
101944
85552
82817
73924
65927
73776
70768
68969
71825
75027
65028
60740
47221
49981
30847
17099
23285
15356
40931
57491
69546
69523
67371
65088
63603
67054
122155
62546
82700
86134
74144
76400
142151
83246
76973
46460
60104
35523
38388
22462
17744
27518
43580
85013
148335
206308
200404
191329
328797
199432
207136
254084
156510
108301
138694
127028
98877
88056
65209
33213
30154
38416
39300
15424
15362
22117
42166
82768
122908
218275
193583
231910
158592
171850
203023
194706
172159
146496
132689
136816
108898
122295
72879
45432
37617
43979
36597
20881
20812
28036
47073
96413
202576
173515
182763
186580
171745
317425
254617
180959
162179
134765
96994
96387
130940
83173
84387
42165
32762
44460
34969
19851
39689
29785
41911
76546
124524
153087
176108
146238
149591
193782
146649
155143
168105
122477
111968
127412
92078
91781
66829
40183
26388
45874
30952
25458
35904
51467
74763
103636
140133
244848
155889
160192
168634
177442
217527
200252
180279
177704
170570
113057
123297
118896
89941
65410
47896
53096
59103
15214
20548
27410
44599
51134
58407
57684
70973
77334
55423
81917
77935
87739
87214
81165
74700
67307
98242
60250
51348
66874
21647
53337
29680
16969
17086
36598
46708
51199
60899
68424
67204
89777
133188
59406
95456
88395
70591
83061
111585
101262
134536
135026
87062
43972
28205
42940
26095
16160
18086
29075
39481
101216
154151
210617
151739
166842
151822
159410
153646
209602
142705
86299
135971
113816
85045
70871
64384
41491
26852
39541
31124
18927
17898
30219
38733
107119
114073
122021
161981
137107
120987
106925
159119
183244
144535
103255
101345
113145
107060
94044
78072
48351
94314
41910
31521
16955
23004
27066
31037
45316
61631
72032
95548
62527
80673
88327
61830
63949
102203
61453
63235
58983
97342
113110
46693
29822
17803
35318
22822
13402
23097
25268
52428
116138
157719
178127
190798
157796
130794
177628
163490
200110
206918
114144
94250
106582
100365
89072
80336
40813
26185
39485
26134
14654
18586
30983
49059
88790
155212
189376
184072
214417
159495
196450
162505
215973
123434
144360
109512
102780
91015
78140
57443
32281
25600
42118
25666
14226
15687
25098
28226
41706
54113
58329
67116
86716
63458
59528
73473
64194
52742
81245
68301
152450
102386
68365
93572
35688
23603
42857
38969
54663
15178
19837
23604
37080
55087
58935
63527
73960
99797
82021
100842
88988
107776
133820
92659
88893
89668
94323
107534
36607
27840
43728
28084
16937
21711
25695
43875
88982
195609
180125
200279
181911
198538
181465
252503
230632
268453
132752
133603
126104
139808
112655
90503
44336
38731
49435
32906
27439
24025
32392
91150
139365
167743
185773
300666
257012
197800
256146
250604
216937
186853
170341
186033
154643
131898
124612
89274
58823
30947
49806
42008
23017
27135
35815
56538
104455
239753
237066
238444
202222
185756
276661
247891
194262
160406
129474
134879
131743
160547
128363
89021
65075
57260
49201
29740
26219
25126
43384
63252
119004
165955
160405
166095
203943
156419
288313
194047
228613
207958
156207
136843
147433
146611
97013
78468
46883
30430
47940
29345
19762
22242
30865
62121
96380
172519
192570
190334
254524
230622
197283
219999
199961
158387
145345
136920
134170
106890
105788
71913
52199
34606
54977
28850
19967
21884
31472
44963
77440
73832
146372
71637
75758
69497
60604
92572
69474
75380
108316
72836
81952
127512
91836
59294
60161
32325
67188
25387
29440
17628
32392
40685
48358
60017
71613
75854
143001
68140
68059
66407
142827
97879
82487
89508
80149
129649
87940
98979
45821
28262
47667
21340
16243
17228
38414
75198
137960
243562
275686
245119
210492
194959
309848
231508
259271
162847
205038
176328
111148
120843
116323
117812
57284
34733
52505
29614
22536
25725
44141
52119
92070
195920
200496
242700
245332
171094
205772
222621
192317
235247
145394
113840
123253
109859
145607
98862
43539
73912
56237
29328
24339
24635
33464
46343
77588
152236
169888
146863
206394
139226
158640
212638
199846
225594
115036
115123
129107
110974
117942
75670
58087
35862
52460
25939
23818
23566
37789
47496
80815
132460
181656
224967
194275
162971
234226
267914
186542
168124
183442
161714
162803
136406
122144
83717
46329
33791
49790
26264
19416
25096
37291
52051
85644
138456
157588
141414
132056
117511
178586
188310
141156
111184
109534
122186
128233
107489
97241
118186
122113
65257
100397
235423
200746
170456
187448
191562
219837
158799
169810
207785
165755
194523
211786
132236
171917
180425
161579
180879
192733
123544
242184
184833
157680
138690
128302
113706
75381
59645
132527
167062
194030
186826
185756
194680
93729
62411
68531
62116
66887
64880
76533
101871
82790
102463
68145
43712
33690
70803
34581
20540
20049
27424
47112
75695
221383
255666
260293
334473
283731
255209
296834
244960
241770
127221
130576
142245
118738
145786
129997
94481
53753
59303
27005
21790
19712
29254
42178
89429
229435
265607
199274
213291
189556
186835
192352
202201
151380
143576
102230
118945
114505
154886
85953
51164
35767
54614
25294
21101
20799
34199
43367
70644
151491
164497
183196
177492
150776
160972
173658
240014
154402
127271
143274
113676
119461
192806
148018
55152
35500
64624
31461
30418
30638
58628
52784
86457
165611
200657
176812
204020
164050
184377
231794
375457
251507
162618
153586
153560
126766
113210
87767
55327
36633
59665
30397
21432
23131
83592
54019
567579
177536
207686
229196
193002
248259
232930
209263
184038
173930
175492
122773
170411
251937
129117
84210
79942
58446
65089
26209
28408
25720
37574
53296
101544
140020
113543
189861
148314
140310
128549
150959
296070
187153
188885
173780
195413
155104
132239
95559
70707
34689
57058
23490
17320
20192
26579
47348
58949
73747
125280
141631
123114
94129
72393
116169
212682
120218
125756
121434
148587
145310
124224
97476
49851
34467
57803
22356
16205
26766
31004
55948
129476
227700
215678
224923
197495
176151
191426
167536
249004
230526
119830
144800
109424
136673
112562
68960
44137
27588
50903
18028
15496
19309
32939
47768
103298
133766
208549
169266
194411
162385
199759
342152
253871
175264
104459
129097
115597
118754
106458
78769
49712
26019
58479
29463
23638
25361
32659
50474
86834
219734
165315
177784
154980
190086
180971
243659
256280
175930
101737
104934
110108
143485
99490
76967
41638
24637
51836
12004
13588
14741
28168
49777
91608
165069
198793
192132
194563
201102
233568
215802
200152
151383
104176
112514
111930
123363
104620
88266
37254
21166
52749
13339
12917
16666
21945
38860
68580
120097
183655
232000
225616
332945
205665
192812
207856
165095
133119
137480
132722
113457
95954
71758
46404
61135
58371
17118
12741
14399
24312
38357
57929
74467
96861
121204
124100
90437
90447
102698
110901
92760
108235
115919
79777
96856
90453
62837
42841
31749
53914
21645
16456
13558
13977
28399
49404
69721
86882
69734
65331
76605
93136
62205
64757
107177
123198
97329
100069
119944
90299
74843
41482
24602
52071
24671
21392
19818
30818
83449
180272
265974
391623
292227
247862
258387
236223
257832
263901
254968
154745
143708
142089
153708
145220
104870
73424
43659
54275
21110
20014
23259
28836
52135
79105
215010
180084
184390
183993
191872
181738
209903
258091
190307
136473
136994
137830
134668
101589
76896
55513
32277
59760
20724
21063
28768
43448
41382
79717
128984
201910
171584
206547
186073
205590
197855
173133
216892
126794
102881
107479
107348
96862
77891
67951
43102
72748
45228
39982
44247
30638
63143
85670
113744
142927
157788
159112
148500
170965
145216
145711
109947
97175
79312
74722
87491
86655
86136
45267
33581
52593
21081
25489
21607
28670
41751
75862
145044
139614
161048
157170
170720
138245
196248
161217
127311
80310
83129
83191
85696
96664
67535
44700
30614
64265
42302
17651
23072
22979
31266
46602
43704
58265
63748
52905
54606
63924
54614
61511
61642
78162
79068
64925
61698
96865
42795
50493
38958
61370
20428
18576
19683
40291
41116
49742
53478
142717
149972
78929
89605
62554
51040
55570
55617
52087
54898
44741
58223
61221
54327
37512
28111
59971
19322
21125
19584
24579
39861
56338
72053
82573
78602
81698
107466
76825
126462
100592
60258
92782
90504
67145
66036
72618
41931
50454
34310
55956
31048
12218
20195
25003
40859
79521
119003
165974
504970
192597
168743
180828
214518
211765
192297
194352
136309
180559
139102
134862
121071
77885
63194
92078
48568
16842
19537
32996
46739
94389
168398
184811
180579
173342
199981
215802
277815
205355
185624
248626
214749
266334
258371
272942
168991
75663
49289
67240
20012
20961
33877
53338
103296
163070
221200
257338
220944
243541
224197
294341
266277
206032
235470
173528
171529
133052
136974
102715
103544
75921
54099
59267
18882
22264
26538
44755
80319
93707
149388
188024
194615
221463
269361
362880
286720
284764
129137
172436
148483
114518
102297
97553
67502
49522
39159
73140
25646
22878
29945
44113
68578
64986
111452
102010
81736
78989
71358
81730
80354
67120
75152
66917
71053
76182
69650
88134
61604
47785
42245
60330
23578
26762
26718
28708
95467
49993
71740
70230
69973
72258
61015
64575
85565
93016
71976
82527
112320
93433
102662
80489
69165
52931
53524
57758
21532
16900
25833
61997
72600
125068
201730
233847
250982
259031
244256
250736
228379
223134
203108
149750
119465
128551
145478
91579
128421
45727
41460
88502
24470
33379
26692
35957
47183
88654
136998
167138
255500
200880
184710
200764
263368
226388
143145
120304
106070
133378
125042
92708
110906
56284
62922
78872
26119
21560
34767
36176
49480
90361
188975
257761
211982
236320
192759
197385
282231
297359
299706
184670
198596
148277
147952
121792
97109
55497
38889
66575
17713
21583
23161
36386
73239
95702
161175
210360
193944
220722
176041
190821
221958
256126
176151
192196
119484
112566
130678
152965
139487
82237
40645
60670
49051
74210
44194
65383
77056
107449
169299
250907
260220
227616
221619
209785
221192
304282
187734
111783
124355
132003
121254
110207
84253
48790
41191
80199
36941
30464
23575
37438
53464
106126
98090
75885
80462
100861
87737
60535
67128
69639
98795
69021
79157
79737
91634
83068
75331
49074
44875
67917
33024
41850
31430
30373
49670
63268
62845
94411
89076
65394
67037
70358
69036
63573
43821
76555
85640
135183
142025
86567
63390
59901
55370
82491
38769
18358
17139
32207
65508
83968
94590
115137
86634
81718
71768
77536
88533
67311
64275
85574
77537
99023
118072
102156
48669
59923
45261
70363
20377
15832
26061
34053
39331
55518
82238
109472
92138
84146
77389
84850
82135
89769
106887
73644
85530
124465
128895
167230
67060
38377
47300
129751
37521
44811
49297
53058
65894
104892
157399
219574
232407
299161
230392
260568
243748
194744
194722
174353
108593
140824
109505
113229
80871
41940
35270
52322
20660
16396
17693
27516
51693
94495
183891
336272
198515
196180
162597
187078
263664
237183
414122
173789
140522
151818
125554
150051
87524
65700
63166
78650
43643
40230
56594
64757
84976
113497
207430
199246
213759
171112
228010
177596
148537
145606
103966
99986
81706
88531
107348
90198
56205
40092
29743
52558
17544
19208
23246
53141
50667
64585
92529
88012
165417
193628
108393
92291
90792
106968
107613
95330
164128
259246
133208
131548
108137
67435
34735
67370
40204
35347
39817
53747
54008
79041
85647
145172
83903
111668
122550
76663
112286
81529
72172
75589
77240
94858
103101
103100
62462
49080
32344
59518
21882
22365
23522
36766
52560
74188
135965
176368
143572
130706
127590
120668
109271
98570
123188
116348
123616
150709
151724
137759
119726
97428
43411
69477
48495
37258
37696
49275
86454
139496
203358
196479
191035
191566
168327
149685
217482
152344
165713
173248
131658
141608
137214
127360
101634
42259
51137
51489
18368
17089
16223
30876
97955
125190
218065
280654
207391
310706
156189
273309
220379
254929
196352
142816
157799
148983
146994
138020
92137
72905
76440
71697
35519
42172
49815
53115
63810
142858
164624
270357
189825
203639
194847
211338
194161
180569
138495
163758
91994
89148
116099
139087
64200
39782
27976
52756
30262
39437
40868
51598
98160
98653
175792
183822
187075
211420
290041
180649
181229
238294
173125
94183
102059
134874
158155
91103
82912
59121
47966
66196
17979
17832
68910
120640
132235
129770
258781
302320
191968
182656
156787
168578
121855
108806
103799
87451
91579
81229
93547
84171
88366
129013
46739
75226
27243
32448
27901
30794
41512
65347
102848
141490
96978
87323
89386
130502
71566
104445
70376
110387
140642
163983
103860
85433
66037
55529
41909
66343
32297
34226
23921
26578
40173
106943
198253
169834
166990
244408
178093
289894
328186
174479
189348
143771
146502
103966
103221
99091
67548
84459
28558
57996
20012
12177
13531
22625
38120
102064
198961
244585
288853
203751
137175
381822
630058
265387
171436
126936
113930
107075
89006
104663
108331
69406
39728
81244
18321
18428
18764
29852
72012
105528
139529
176713
250086
184911
196922
228922
172564
195688
139471
146565
116035
120786
124470
154862
83661
65239
42235
84628
24614
32011
29500
36610
52877
81876
176629
219392
174889
211548
148114
148203
166710
213672
154933
94294
100216
95513
87815
92350
78387
33474
23923
59475
8614
23214
16275
24194
40378
84559
133348
186641
159243
150645
361804
165778
198253
135404
134844
80191
79498
87952
80749
78141
65904
37675
23335
16957
50092
13190
16002
26343
39518
45709
80865
66913
68599
68549
59796
56927
66441
67886
71658
71422
71475
63445
82139
126278
69216
66739
39435
72232
18602
15691
24268
63377
93281
166240
133196
67266
68326
109040
57323
50563
60223
57324
80264
82274
86661
88074
83292
76930
88195
72378
24930
55002
16125
11003
14245
19768
46336
113535
151345
232153
250762
259851
196701
214603
246627
229098
175937
120834
136443
114923
100178
141322
79871
95620
38582
58226
19571
20193
23199
31525
45380
94645
132068
151590
199400
163793
192791
180906
323401
238662
166216
111024
105469
133558
89378
96340
66931
49361
31022
61218
19797
16549
20007
39697
59155
89402
175569
181249
191713
208991
200888
191873
177330
246146
138055
120559
101489
104036
115036
95774
89353
46508
27621
56302
20125
14210
19459
32349
46432
88923
194346
190842
187800
192522
206273
182629
227394
193448
173586
133893
141505
137809
119593
129027
91796
57544
34849
58648
18650
20646
25894
40203
73070
104674
181704
257784
237714
225848
248245
300652
358487
232996
175258
285697
230410
617756
599137
391073
734885
196643
92064
127587
54508
58286
83798
112444
173053
222135
225943
181148
204630
230040
173706
178283
166983
163240
167954
180563
132622
165852
144870
205786
107342
75925
52817
60524
22518
29658
23971
36638
60374
76590
92338
112846
87735
120843
146000
96111
123447
124244
134524
138946
158616
110645
165101
134307
93320
75217
35513
58890
24517
23476
24446
61751
101184
136958
302439
340037
302296
298589
246576
255020
304629
286969
197799
124512
120089
145480
118411
133021
95826
58547
49431
61143
24971
28666
23860
41327
46023
98898
180980
171364
346002
192671
182775
215976
417219
300056
179130
155083
160084
153620
202858
205182
132494
83871
58024
86145
37985
33339
40194
64945
76760
110720
207943
288854
305938
392116
238335
268436
342016
240867
262423
204701
193370
190907
200951
255013
174467
97961
64057
77329
45011
48766
53582
79020
95105
148562
226450
248100
237357
215349
225344
216004
284193
318373
224230
173069
122614
184107
115305
153192
134450
53734
40614
55228
20832
19763
24710
35966
43083
87561
133451
205955
195617
232636
182178
393308
315282
214946
150509
139954
115408
95977
134127
110400
102093
105828
61768
82973
42034
41313
37949
56371
65743
89031
106738
125485
131601
115843
102123
92419
88446
76517
71201
64305
110844
79122
73622
68930
59281
52776
23106
64256
25290
29917
26872
23196
35288
41790
48614
76341
75145
70587
80087
87948
67740
92627
70380
91999
70454
68706
88634
72176
55506
48593
31046
60159
25484
21595
21788
24778
31672
56293
54184
88388
77721
67450
71815
63361
108271
64751
65382
63913
87418
93369
76314
128694
79112
50875
47217
76165
40703
54006
35089
32766
49646
111621
186611
296699
182583
225340
189525
155586
224611
207966
245758
108707
85981
85001
108474
102028
94977
60984
25629
57556
18985
24733
21541
36278
57284
81870
155314
161981
207471
175631
201843
202567
231753
160312
154715
107212
105512
95737
129906
144460
83624
42855
28141
54706
24663
46510
39322
48075
65649
115694
174242
171624
220787
193780
167329
245801
185173
211086
173606
131973
113975
131890
116328
116544
81388
46704
48161
72642
16653
16522
19178
84382
46234
75614
138310
180909
182985
239861
186277
197269
171060
152828
132834
114877
128620
87091
107224
111166
62137
54414
26712
55563
36662
47290
47902
71704
60142
72613
65180
56951
70720
101144
95212
74974
94412
65645
67903
73327
66157
69955
77315
89440
49438
36838
29400
52626
11330
38802
18000
37118
57260
59084
74230
82847
67160
93709
81006
99722
88948
49468
48838
54774
58794
58134
75899
75589
58440
34526
21563
52327
14821
15530
18916
35442
38128
80205
230354
160054
210542
179566
198459
165721
179283
201006
208560
114326
101577
172165
103012
105333
77551
63861
23868
70619
16884
17308
19963
34716
44727
138626
138198
204218
195622
209285
205394
411902
469848
172540
142531
105373
99785
107563
84333
105796
81873
42665
27509
67848
17850
17920
20599
40079
48179
97888
147764
217479
199540
264059
175543
162919
182916
278839
168282
139901
187150
216650
157924
181708
123843
76644
53006
72357
41323
26774
46505
42136
48574
95882
210172
170954
144099
181349
176196
217164
190083
299601
229627
128628
101364
156996
114736
134869
95309
73336
35722
85670
19804
17993
20268
33960
56634
83623
146883
177435
248432
163317
225371
249273
172042
127084
226704
165594
166557
111303
117354
172984
85955
69465
26540
111671
20724
19763
19189
56958
42460
63781
69629
71295
70765
193953
62315
63681
82864
72738
121041
72776
92310
72638
82441
64043
63936
43592
29892
55080
17089
16525
19065
22938
25094
41508
68633
67427
60870
62508
61201
61552
61643
62598
61556
84062
120134
65571
75749
76918
68714
47676
25225
55993
19938
18326
29044
34420
62293
118898
225173
196456
228772
221708
191356
169787
216545
220541
196849
176783
172310
141211
174170
150574
136501
80649
36426
67050
35824
19619
22112
41959
48209
85867
152831
168194
239290
208978
161711
211521
216824
159228
206823
141920
115947
131921
97267
110186
70011
56753
37956
60541
26783
25284
27780
34701
59522
91133
131933
191989
224886
188536
164036
155272
188872
198608
138610
136918
116370
89525
93693
84445
74670
53751
30188
55209
18160
15280
41532
31833
49234
83069
190967
164537
235129
223715
171152
168140
180409
203700
173034
113578
115700
107264
118874
110004
80345
73079
39551
62550
25687
21842
27812
33764
52301
89131
158024
184461
185226
185366
196802
181194
184640
161784
118984
129476
171564
157008
138437
130172
87389
73462
62867
91428
49543
41753
46954
59710
76656
88122
105041
119713
164239
129164
105386
100998
114183
123620
96851
89940
82096
75144
93696
89577
98973
96373
45136
66835
21091
24453
26176
47863
62441
80296
118350
113085
110245
84334
80938
68252
86691
67602
71297
68780
73571
69373
82568
119926
89984
57306
52059
77442
19802
23204
34664
30062
41455
88973
165094
275665
261441
193271
182125
203871
244174
214050
148153
97550
79778
101522
99459
105985
77237
46467
27970
54425
16480
16449
25226
34435
47976
85981
150074
222967
205194
234982
223380
234563
195193
151279
194264
193940
183704
143875
139302
125386
103733
76418
39922
59103
19797
15240
20338
45394
52365
90469
118274
143701
106534
151026
133120
122694
136596
157046
174468
129669
129798
133644
161486
285443
105057
63281
51111
87431
29081
18693
21116
35000
46815
96126
125854
154503
172184
157117
166221
164758
138675
165314
132214
129320
135524
114583
116991
107201
84322
56569
33008
59921
17552
16256
24707
29717
49600
100291
145516
145105
154976
174247
168549
153066
146213
126033
107115
90634
84904
82179
103177
104702
82948
51182
71883
58626
26702
23863
20896
26563
93206
55960
74395
72605
73779
66243
65347
82703
87240
96064
73239
75370
74769
86010
80486
115570
73306
38467
51012
58309
20831
18476
16695
21635
34843
49289
67981
76485
120965
89270
70273
62938
85846
98617
69062
69131
77095
73057
66106
74020
71330
34419
27163
53759
28536
18244
21260
28289
43266
73742
143725
175389
160002
252064
157224
153015
215887
352052
213782
180346
115471
123918
117191
151184
127385
65416
41725
68863
36844
51266
23593
31797
50561
99200
178579
243832
243936
192025
167407
281247
176459
148622
152995
93033
96206
94956
105523
111629
100535
57342
51514
78983
42634
44635
43956
61190
71455
118767
159551
229275
214806
267473
154707
238199
185909
213512
189177
88279
90632
86546
101694
86228
73960
53273
30296
62005
20953
17731
17116
33040
59930
65260
117403
132762
157878
190176
146555
151679
157843
164542
162743
106165
99294
101184
101681
119050
81298
58696
43247
68156
22812
24674
28386
32038
68955
80470
121272
188522
168715
153469
128132
157363
195215
217963
101660
128800
94287
83906
85764
89031
73468
54405
32598
58608
28700
34061
37914
42875
67565
59291
64468
75152
88483
74327
115292
77571
94726
92921
92900
94303
88030
70548
124162
98793
62641
60426
48554
66814
36594
31700
31595
37353
56185
58384
79773
148360
92030
83601
70096
76797
74540
72943
78472
87611
64401
87460
108104
83326
79291
55651
30711
70093
35496
35743
36911
40170
41362
107827
145086
206616
268429
211220
221429
179594
164467
171889
132704
94610
91627
97635
103346
106848
86075
65757
47453
75268
35995
36103
37198
43916
58812
131747
199974
202623
187191
209135
154197
233061
263768
164458
216101
111780
109005
99742
122354
175534
96893
59262
47022
74249
37326
36078
33902
48059
55023
97345
164403
161430
166478
167510
182310
195323
199547
161806
203695
126286
104528
109974
105332
105829
78740
56032
47133
70806
32801
31448
37425
41978
56357
114114
148752
240723
185083
218827
174374
242302
211875
190999
180914
112349
117681
153502
133297
148989
174718
75122
53526
67948
23710
25696
29800
49532
77121
103294
180072
163908
220840
232723
190482
201724
217674
192771
145970
126580
163432
113920
125405
123144
97509
78722
75826
155043
34683
37989
37889
42474
57551
72792
75951
101125
110233
143082
113634
123346
91747
121962
121400
79080
85243
94566
97506
121598
71317
57302
37819
64111
19353
20141
17383
21328
40610
48428
85374
70492
62065
74976
69236
71276
55760
65580
60483
60316
92002
84891
97123
92626
65289
51575
33079
64123
21132
26004
19149
29669
53130
92723
163970
217832
194192
222080
167201
211867
153939
177896
180327
110319
90886
89738
125021
116912
82624
87441
71210
77011
23452
21218
37679
44326
86209
100533
178280
231578
201562
194772
167867
245599
199608
215633
154470
116589
118098
117616
119311
95472
89348
57867
68835
75506
29378
28392
30731
38281
59081
102855
171945
187378
223490
203934
213839
258623
179638
164511
131436
100246
91859
89469
104201
115481
83115
51772
47363
71500
32503
29189
37804
45933
74908
89144
133709
170493
168469
149287
183325
187651
165136
140408
156174
96268
148017
84559
104382
94765
83685
51662
37805
74290
35242
33750
33292
44339
66099
85374
126099
143395
183615
143180
164232
186624
167378
134951
179084
120184
128873
159862
124283
131382
118989
86899
70760
80602
38775
33543
36039
54793
60517
93024
101904
80600
88693
91946
70123
85772
85666
93785
87491
65432
80144
79632
77066
78381
68426
52616
49809
73404
40450
39319
49280
39645
51130
66455
99101
77577
86920
76358
114067
84585
74949
97640
84558
91874
104041
67639
80839
97442
87237
57022
39896
66902
30270
36630
31887
41342
69178
92480
191783
204952
215449
169044
174076
207383
199268
257827
227799
112858
119809
118919
106743
105673
113412
56118
39220
68550
35014
29067
38603
49554
68103
100911
145972
167692
203708
232449
210145
197084
227430
233667
191066
125318
120523
146202
108939
105693
73458
63103
84292
72410
40355
42291
35768
64824
46578
95800
168704
237251
251137
206619
188370
213815
219913
341638
179921
164556
138777
118635
133629
115900
95470
71226
69085
79194
40739
40288
48234
74435
77778
120016
209256
157060
191848
182023
163086
210839
186303
249988
243938
129932
117395
144950
155554
157231
98019
70551
48858
87336
35060
42540
36107
61662
76486
108271
168290
237873
268560
230006
191008
251095
286759
250459
169638
182316
153416
152027
229382
399616
222526
79858
55087
80345
38162
34384
41394
52728
63291
78294
105062
101041
94198
91048
90316
88594
131863
73416
77910
78150
100738
74466
126395
93638
103468
55427
41736
98525
34837
28588
31277
34781
52756
69366
79910
75603
104238
118027
76030
71248
79628
80544
83971
83409
80599
79786
89034
171097
69081
87827
46581
75613
34346
36855
36090
42713
63478
107352
188634
244038
193881
286546
205805
370657
287463
269384
221971
141590
145125
133686
163971
109811
92105
66724
47570
71404
28553
31706
30714
39242
50263
95113
132563
171055
181203
170388
148720
174238
183178
200027
156146
120605
110206
96169
101309
113201
95638
62080
43178
71992
25730
23749
25775
43946
102376
97795
146819
184439
196033
152523
226263
275539
186815
166523
134478
84297
124516
109141
87110
107503
77739
67621
36107
62286
21796
25124
30130
28173
51074
88247
154313
191543
185551
213700
165027
185262
180002
167968
118937
83799
117580
102144
152231
93420
85712
65731
49805
74194
35939
37573
41991
52015
78485
102233
163353
177385
216799
183775
173566
203566
207683
153480
146075
141677
138782
122612
102199
115430
80227
58827
38658
64927
28015
35466
39912
44498
91699
74820
91934
106386
88175
93639
90251
104066
88451
81354
84551
85909
85639
92744
80898
111395
93109
72211
48043
72965
34360
35455
39827
47663
63703
83684
98064
128823
114192
107643
121822
122358
117799
114297
114409
104007
117814
172546
114069
88012
74797
53037
37935
66491
27208
27420
32112
36533
65253
93832
174016
171506
222908
198349
179793
200310
222186
308935
178878
129706
84862
86625
118444
87558
68284
46278
32722
63936
27678
30739
28094
39805
57969
109431
130788
194095
194199
221617
188296
173487
155850
152687
180099
125256
134046
78162
91987
86059
70680
48690
34430
60880
22619
24452
29073
35546
63724
100115
143375
148307
167033
147159
148930
173250
224729
260559
152927
97877
92927
87327
97810
105058
84443
56974
38861
62606
29436
29072
69881
44633
55846
109492
154632
175258
164080
230158
197703
207398
218497
202565
162505
104334
95755
95847
133388
102030
98516
74607
50658
70700
36553
32855
38111
37605
49818
78591
149950
159184
158517
138795
155355
159957
140629
208291
166821
216010
118120
98056
86228
121298
75110
57638
45549
74205
34678
37820
35776
46937
57180
77288
72711
110574
78824
75814
84997
83660
83492
84777
88112
81480
79580
89006
105549
84928
66718
52938
48030
70711
32466
23878
25717
49287
45509
47775
60250
86023
96550
94969
115873
86350
81276
96718
86988
69895
72596
68787
81041
68762
80087
59840
49501
70796
62270
22432
28570
36800
53938
82469
167036
180157
229242
185463
157765
233347
202281
243196
185336
150533
157723
108203
115929
105235
84175
55016
37365
65107
24444
29184
33846
44590
49235
115539
134379
207401
147298
251599
158722
159242
182379
174819
171834
100884
116349
123719
114261
89128
71510
46162
33582
63309
22758
24462
22759
45350
54184
94532
139438
208043
189760
193231
171457
257669
169813
231547
213428
317680
119631
161016
148288
112060
86936
59696
45137
70367
69788
26786
33108
41389
43247
115010
173534
173132
203587
176315
209986
181398
208767
219764
190862
128087
119140
107441
143811
123184
119062
77096
68663
95542
56836
62060
40319
56997
73640
106938
141673
182236
171534
167564
157844
176609
149392
143355
151004
149301
98731
111853
115696
152516
98227
75815
51232
83224
41532
36937
49738
56832
62953
69773
107948
114961
123695
153828
141090
144397
100609
98663
89124
83306
86822
147932
141752
105698
93546
72038
58528
84259
52565
33950
31393
63380
60358
75005
90741
90336
97972
109508
151755
107514
112434
114535
107498
93279
87348
91295
96774
111023
103815
50238
35404
66408
29998
34833
48754
70599
88875
109917
161532
203125
236303
253906
219130
251886
240712
253954
212536
134188
135192
130735
150705
130391
99578
78286
71872
78776
43936
49870
41294
44736
60112
91958
191502
235035
186017
200623
209026
208736
210994
161465
148269
115864
102277
107734
113518
114723
95025
82910
67118
84397
38864
40356
37367
51283
57370
91419
153773
199811
178517
175506
156902
251104
266467
174420
132500
126871
122462
120727
158057
108992
86647
61766
33785
66339
23458
23346
18398
39319
97378
90412
115138
136321
155802
221167
194218
199241
131687
130743
135694
130260
136970
140578
152359
137791
114384
68101
49254
74569
33448
17781
17703
34856
38781
59715
71756
188401
73946
73836
86090
85669
74278
69685
55601
64492
71469
71900
73378
59298
58832
52894
54728
71330
35676
35967
30460
45930
47038
55237
66285
72682
69246
65787
68265
63873
60582
67404
61438
63891
56397
73462
79613
72372
84649
51643
46823
70047
36968
36902
40926
42649
41186
47470
58345
59321
58073
53954
62956
66004
61878
59805
50827
69365
83503
59560
61597
76910
58950
40427
30806
59808
15737
18132
40341
48261
58105
102046
196724
182015
280333
214795
194337
217037
170369
170895
161552
120443
106834
196220
163316
99559
79326
65434
47353
62463
29230
30074
34078
39496
62324
120212
143363
153952
174040
218883
202084
188428
170733
181462
199114
118043
93926
135484
111886
124545
124811
45489
24970
53026
15722
16852
22689
35330
41378
81078
145947
156118
211147
191581
157021
142378
211612
321261
208602
152563
137295
149168
138038
131213
99888
62563
30846
63334
22883
23782
43115
29459
64706
96263
173598
245194
343026
362168
322249
259678
267687
551719
219770
167929
164291
122733
149211
172206
133738
89306
64129
67751
24545
21082
60771
45723
52712
84746
140255
241013
176656
212621
247787
194168
239708
240127
156706
175720
182696
157275
167392
170566
126206
77927
47547
70431
33589
22031
27511
50277
70643
150839
170036
274727
252666
290158
343901
250519
257709
302659
320290
358772
361936
401457
383927
336961
222313
134421
68800
79922
35039
36422
58341
48856
64828
83340
103736
122991
138421
166541
108926
131488
172102
185247
155035
160822
115628
140864
148614
172354
107345
85530
49057
68439
26338
32174
38721
48137
71273
151039
382965
394509
350996
307170
275055
300495
265288
273351
192272
134026
168828
119735
134604
128037
95017
80688
49831
72784
29656
35158
45472
38943
64588
103880
195755
203878
184718
216800
197698
202007
333567
160431
250104
125809
116412
123199
123616
135974
77643
68376
51517
76059
35590
37089
46401
47344
85142
111058
138305
181103
284196
204412
167132
190933
223756
174850
153299
102808
78472
86934
86938
88521
78001
39962
23746
61668
18738
18052
23791
43207
42246
71403
149237
142387
154360
135306
140965
135920
157421
211234
172326
169139
132987
134361
100996
130706
80366
50278
50959
118091
43275
44293
45919
62238
70366
100915
163606
216972
160443
185395
199518
217337
184805
174564
191168
139242
104574
135883
121567
102907
96558
66983
40068
87230
27269
22469
41314
44571
140977
65747
99796
77168
67047
72886
81351
38924
37836
20092
56879
21835
30962
29668
37120
69678
70086
94514
85457
67701
69962
57980
82639
137855
79334
56411
91525
76680
88374
113421
52298
42157
42840
20463
54111
41470
25774
34802
44882
111239
140309
150749
253686
242423
139826
204939
200007
213423
195345
136828
104415
110561
123882
109347
92731
50945
33837
26103
59143
25125
31598
40235
45408
111942
146268
216105
169185
152834
145609
197838
159616
173198
195565
104310
117309
109914
107119
128069
84563
49785
44315
31660
62168
30477
40270
39214
42690
86216
118115
143198
177698
152446
182984
218743
287910
191533
179216
127016
116657
103808
152220
106940
80346
60231
48061
34811
67976
29994
40940
42456
57834
148421
169106
217421
186067
238502
170257
196856
222101
178402
176163
259841
122438
115571
145894
136540
97681
93101
38950
25838
63990
22021
35659
46186
71298
104795
213981
208579
297381
223249
197790
240459
216577
191253
147453
150420
139506
150458
165532
156942
109479
107212
63481
56283
89559
57896
53497
41311
66332
82847
134729
137090
210616
177593
154503
141965
189123
146035
170843
182283
159353
212477
184413
187596
140742
90361
60383
44139
70760
33387
30395
37664
56864
108298
114429
98935
112048
103130
97945
109362
112556
109319
105187
101491
103306
103648
102444
138531
90046
62992
39679
34911
64348
31080
29918
34899
58249
96271
222680
238374
189621
178194
165714
215968
195534
217240
156909
139853
110950
132998
134656
125548
82514
55470
45807
32540
69007
27541
36468
41268
59307
107378
172314
164196
234168
221968
212922
191978
183926
197224
141491
113740
170106
174140
173387
129834
162270
112800
52005
39136
73501
38646
50059
60408
79268
121818
269244
396152
249852
230921
174454
213770
244603
186654
156103
134203
123343
128166
121211
156997
102328
96578
53058
36623
68424
40429
34961
58220
90018
114456
189453
182406
230199
174163
157433
173584
165659
148502
160086
92333
88628
97593
90883
81834
64043
40778
29271
21905
57329
20052
20233
31589
42124
69058
121246
179293
196043
241206
184239
177179
162847
165338
161422
113588
99149
96709
89511
88542
70929
46178
35571
28657
58149
21621
28495
35670
44455
54427
73076
66591
84344
69091
62219
60019
64739
92482
71991
72651
105194
90626
68142
66735
60860
43375
32583
25207
58929
21118
22616
30078
55497
53746
130090
189004
218985
226724
233805
156947
142195
141193
165931
190285
194445
193420
232509
187233
157536
116467
106934
145238
215895
227055
213676
139984
130653
149298
233866
234267
277566
317843
253950
212564
226378
202175
241287
183351
224990
185275
161517
175018
151928
128365
132467
134323
122426
182149
73226
66625
86677
140575
199002
221046
140201
141423
136737
130712
130093
189183
121983
83053
74501
107478
89991
91069
72818
51360
28592
27268
62653
25258
23793
32000
47776
60562
135909
162883
141379
164658
119272
155532
152563
171661
142072
88022
103377
135928
91941
77868
70290
39170
23336
19810
53326
16710
22564
28961
40954
72961
108014
133668
140770
185220
127402
246261
178053
154238
201066
183139
103503
179161
221282
87368
77155
68969
51947
34643
67207
40260
45773
33387
38548
59306
118762
133360
159800
137453
103371
138163
189182
146702
96815
97211
74509
79781
70717
83991
51283
38344
30352
26689
61257
29029
28984
32665
42934
48841
58674
67183
64046
68152
62978
69889
65065
69281
65446
100066
85570
96168
90385
85534
60911
58154
63097
29824
62678
33362
24596
29109
34308
53014
65223
74709
65120
62550
63504
56845
84934
66879
65197
75308
84466
75376
78968
118733
49882
91590
28805
22506
57813
26859
25280
26565
37161
110711
154239
157962
161439
185695
158099
169945
182234
191396
141957
104053
92501
99982
105913
101874
84265
76474
40868
34182
62160
23820
31553
37357
44831
95807
137218
171798
197935
151717
137279
163843
170301
181962
178196
113200
99492
113910
112669
91704
74877
51793
53520
27575
59543
24560
28164
34948
45718
101658
178716
244887
214488
210814
264177
210153
223793
158808
261424
185035
175638
226312
170562
178072
129072
92917
47109
32445
77333
21772
26351
55256
51242
133550
285606
190959
200655
240889
218297
191900
270867
180239
173693
121627
131021
144273
141514
119119
85050
58731
36344
32048
92238
31171
27270
34223
75343
113162
163967
161678
242970
232809
214153
222138
235208
196545
167607
128224
128484
101365
109606
87378
87099
66657
41672
47461
98032
41590
31613
30733
59352
81201
112760
81788
99799
70076
76371
74832
172360
63372
69877
72194
116779
102459
78147
77454
82030
47796
33322
68073
61493
25465
25257
26761
36724
55766
78072
68701
91741
92562
75837
106269
117444
78815
85632
92490
85097
80938
82825
91472
89354
94066
54600
40254
84170
41338
42374
43125
61819
100408
186476
198783
234168
245087
211982
237565
198364
183475
157146
128407
150754
101694
110285
104251
70212
46446
55200
27124
62567
36960
45999
47794
56659
94820
139147
158053
163578
173085
137470
160338
164539
145668
150799
100495
141272
101636
128009
115620
114530
54377
32032
22241
52329
21994
26556
30531
48720
97945
121642
152186
223299
127807
177481
151022
185232
165549
145462
118739
121254
101893
161747
102164
75614
45816
32788
25492
62377
25285
25566
29294
47147
77838
139074
256446
179029
245622
115276
196034
216305
203324
140227
107046
110291
106710
114123
94268
136557
61268
34135
28551
58533
25019
31312
37852
50098
70860
152836
150237
151123
172247
131280
166483
150675
126985
95522
96032
180364
127393
89868
87437
71302
50374
34579
25528
61507
22373
24272
25968
36296
49582
61614
68590
102443
63670
76120
72156
75956
85551
82114
66614
68099
79013
106325
87990
53725
44752
37344
53177
82000
28416
27314
29627
38438
141732
52427
61903
68725
75744
86292
68231
61760
89450
78575
71977
65826
121939
73437
67960
60557
47407
38318
33200
66381
33342
30902
34909
41671
62475
69896
73358
77210
69936
70932
69069
64226
80048
115857
75216
77130
84291
75010
77092
78459
44014
33294
28284
61930
24766
29942
30350
45846
73407
167199
140051
150897
189861
125182
135217
145928
135919
141688
143483
150679
131279
152215
120442
82318
58149
36840
26230
63013
26371
24224
34522
51060
76836
127073
177578
224470
163780
150032
144497
189126
176967
148552
101427
95973
102281
113268
83829
65141
42095
32141
22893
57855
20791
24749
31725
46164
80953
203194
211359
202303
168261
163211
154790
175451
223038
278784
205820
145770
175654
197811
148563
83797
43011
30630
21495
55557
21534
22919
30467
41272
105042
116617
126104
189467
220482
129984
223587
201118
342105
104146
256064
102154
92485
94832
93625
61510
43883
28123
28560
62168
24714
24433
22629
31413
42814
55908
55426
77946
75769
83027
64638
84171
76643
65342
70260
83597
75614
134355
107954
81351
42746
31201
20246
57354
22193
38215
21067
28864
35837
62941
64189
67825
64556
76940
71596
88859
76772
91505
95516
81641
116843
151244
82151
66914
67752
30197
24478
54600
21122
25388
28261
36905
82481
196209
275368
259858
182500
131884
160150
189457
158207
147904
128463
136316
119701
106226
100113
104486
52901
34144
32360
61787
25304
26864
34464
45929
76370
192087
165698
155727
148406
181807
203029
179530
176766
144922
168349
194635
168907
158253
137012
124850
86859
45101
31125
63907
29574
31504
38473
63782
106188
204002
162317
194030
147132
167686
196955
191838
