7856688
7742048
7918456
12131568
11509856
11021800
11960680
10454056
10764472
9009696
2441920
3516184
3056424
4967624
3779952
2994552
4387360
5710192
2599928
2292520
1972664
1799688
1977832
1591928
3392992
3802152
1839440
2009456
2018264
2086512
3134208
2325488
2614448
1172312
2684224
1839520
2979584
1424656
939608
3130608
2120744
1300560
1309832
2721264
4483320
1505120
1546760
1549384
3309704
1018528
2776632
1402584
5841696
6380272
6918952
8933504
7315256
6391440
6753672
5026824
7901680
6133312
8396152
8930656
5282400
5007432
4682624
7818640
6256456
3578688
3210192
2822944
1423944
1736952
3458848
1887104
1239448
1901000
2588864
1473632
1962936
2874112
4618200
2467264
1581168
2455472
3440616
1383520
1778744
1722144
1003496
2908352
2951896
2894776
2369728
2461672
1994416
1562032
2323200
2768904
3036360
2967248
1883464
1480448
1712376
2236392
1694536
2168528
1486432
775528
1622616
1719680
2451216
2384424
2106608
3204144
4157752
746888
1285168
4098544
2149352
671312
1042552
791008
1960360
3787288
1963848
1255032
1005120
1628200
1131160
2240968
1477216
2945960
1120224
1886048
2992512
1019720
2154064
1397944
3284816
3193720
1620336
1698184
774472
2723728
2485008
1705576
3039344
1353440
584616
1106048
2195656
3629952
878056
1844888
1060736
2882496
5608168
965224
1441176
2061600
1486896
1595832
2352312
2113864
2847600
1146072
1840352
2292840
1168160
1933248
1349224
4598528
1183448
3037456
3716672
1838440
939200
1083632
973528
1627728
1085760
5049768
1087088
1864640
1535792
665704
1787072
1395176
1552376
889440
1089848
809416
1350872
1012512
599776
468776
1755120
1487360
1997680
472296
788968
1949784
1904408
1618832
1804160
948184
1505336
1263552
1347248
1586576
2670224
1524496
799216
943984
1607736
1854120
1070648
1821288
1741248
2681976
905952
3736632
7784456
4116752
3341648
1662048
1732704
1762872
983344
1287016
1142880
1490960
1890760
1658176
1690960
1228192
758304
2740536
2733200
1950456
1453392
4160824
2288488
3312304
1399456
928384
747952
1921728
1862424
5450016
15100272
17396952
22641696
14665864
1789680
1886936
2241272
1187928
925856
3777272
2046872
1169072
2437840
2524560
2009600
1016728
2072168
1624824
1486864
1493472
2258792
1440392
943384
1171848
1465136
624808
1163040
936160
2054832
1155432
1700552
1965456
1661640
936768
1654168
613936
927104
2277464
1281424
2474880
2107448
743016
1328264
1156016
1775592
890648
1394208
764104
2480496
929176
1005848
936192
1016720
2497576
2323872
2088712
1605808
1460888
899368
920176
1637528
3010016
1197968
1166688
1176536
1110336
3606376
1936744
2083728
1949376
2334896
2675152
1223992
1082904
1855440
2661200
1755960
1134144
1357936
1634384
4514832
3247248
1532720
2013792
247624
989360
682392
2685752
2356456
1174560
1062200
1492440
1947600
2034088
2079968
1383888
3851160
1374936
885432
2402752
1735120
1561024
832728
2214632
2743288
1444608
25085344
26628672
19513392
2848072
1538688
1083040
752616
1541032
790128
1258224
1248152
947648
797328
403128
1217184
1536600
1712424
874328
905984
632008
656288
1015312
1545920
1545392
1350800
1345296
2912136
1835352
1267360
703560
498344
865072
509136
1215264
948696
946600
5363184
2011656
1407576
1673680
1106320
1102256
1075192
1125480
1427856
1856376
844760
1339928
1194272
360000
1241280
1737648
943928
732800
890496
471696
6934984
9000328
1046776
1077952
1138776
1702744
1405360
1042576
2343032
1987808
1225032
1280728
874304
949064
599008
578840
461824
1355088
1209400
3556192
593736
489912
630264
572512
588112
756680
1158184
1056872
1018184
621104
2222024
423136
1300712
712952
1176120
339480
344600
545512
726400
144056
937768
1267344
2272560
1513424
1462288
1940032
805320
922744
1063552
541496
327976
773576
3596728
1463072
638592
601392
822392
986752
595280
908544
1251504
613792
432168
332176
2110384
778704
940456
1120576
1812320
1806632
1029944
981672
536848
512944
545664
565480
622456
713704
713184
898696
1098128
327072
1515416
619608
724928
1043160
1172592
576352
442248
566040
746976
156792
575320
339536
1589144
1101864
608968
860488
366936
342896
528008
318128
325840
367448
415568
377288
330448
251408
615816
333688
351704
1940840
277328
161904
335640
528640
462416
506728
497408
203432
370608
569080
580392
443160
422824
494424
1998024
456688
593224
237424
761288
658264
879368
931880
445736
498344
380680
223576
393592
616352
653656
429752
324504
382672
340080
525376
497104
394560
305408
338936
1260088
444248
447440
411792
417400
605376
265424
402400
424128
614200
454096
196816
213440
273824
264696
796104
345240
520216
138880
772720
403704
106640
263064
280952
280368
785176
462872
130304
303672
122192
331992
451288
215072
56872
240216
360720
198568
246840
407984
632760
266688
246264
144440
518232
144344
131248
287256
157256
229408
173152
210016
78448
624336
198768
192400
471376
157320
248136
708936
141888
229728
148064
279440
305944
205184
170616
426528
753088
390160
231040
366400
396272
502712
2130072
264024
226784
477048
191648
269808
516128
325392
112072
425504
511120
216632
280152
173384
147912
477672
152392
1555792
227872
151640
143032
316344
243728
44355888
65954512
413752
392976
542256
420096
1385184
289544
320928
177112
276288
677320
451056
314976
253352
141048
149304
251712
260400
132512
221472
168240
169064
243872
190952
890376
247600
256208
317208
421832
421544
756504
263872
280488
137440
146272
212896
321864
107952
261416
131880
341632
218016
313360
248896
1327320
182992
170000
286512
105416
242600
290080
277424
218336
159976
105896
276720
167480
118728
152712
236576
286568
223328
341256
273048
274352
114496
424392
313432
221024
181744
209856
359352
550048
177864
149096
141168
239712
318320
368880
138800
177088
170776
223464
252768
404456
158264
222024
272208
241720
268480
325440
107456
105160
173264
323792
245616
361400
582384
197744
254864
394016
235256
783472
253784
285568
321184
320120
1183088
225128
273656
508072
243248
168840
134416
264280
411760
247760
182888
244824
140128
138808
588240
116576
172968
314504
210664
351544
281560
457336
260800
221208
168632
695016
533768
247168
110224
255888
301608
212792
471872
174296
264648
300672
490192
297640
1195624
300040
277416
1137712
151056
259856
177768
522656
222792
414384
181800
433936
274032
154872
451840
438928
623368
372152
169192
292120
604944
1570248
829632
829056
469360
324232
612160
182816
268288
422200
378824
350824
380240
459432
112816
325576
421656
315152
657704
289144
312096
344264
292584
701232
406032
914000
341416
568016
863152
455136
519104
384040
579504
428928
597056
352216
325024
569648
496128
165176
444112
367576
638840
507592
382400
472560
210208
227128
336368
188360
388176
586896
443432
160280
340888
133968
311024
753216
476112
354160
328448
393976
542216
373432
327528
1959256
638088
1919928
335560
423944
224944
356424
397088
454320
393448
468728
188160
176984
283176
252728
412160
241912
331312
606416
682888
197968
699032
634576
976304
298496
669032
520720
1379208
529656
295672
931456
449008
614056
374400
858592
163784
248344
1566184
1108488
307392
628208
495088
590688
694752
330408
427864
1009544
373576
669008
1052176
256176
445920
242984
894336
895336
606672
621952
4448888
903968
613744
510056
710504
1788728
926552
325536
958416
521752
339912
721272
565096
736728
1184904
582456
530264
543424
739160
791344
604064
1653608
1308592
1089728
1416248
1205624
1050288
792792
740080
1169912
748144
684568
613488
690688
373904
1060048
1904048
858720
504208
1795240
492944
739760
776352
889504
583144
1155792
1084096
2244784
1201080
1133120
533568
547032
1201224
1664528
1839160
1326752
710952
1148904
1476000
2693592
1678776
3439176
2155328
2492696
1152064
1183896
2051344
3423104
3775560
2415784
1947664
790704
2145048
2080176
2475704
1588584
2835384
1376432
2164064
1964592
2245544
1827976
1266464
1970936
2620240
3116312
5825320
3200160
11180008
2938176
1114112
1529216
1823328
1922552
1790536
2808392
7290216
1629840
1901352
1863896
2402392
2047296
4637752
3040936
2537320
2830816
3291664
8598792
2088136
4778840
21740624
22257968
24431104
9436224
2703504
3227544
2264080
17908816
18363632
18757848
19118920
12180832
1427832
2276896
1537544
1619376
1332616
2536544
1596144
1390352
2373576
1800208
3683768
3596840
2385168
1083304
2117864
2620616
2952768
4187592
3992576
2435528
1713768
1826344
2627728
5919664
1253904
1260640
1423936
2524440
1428432
1920640
2876248
945576
47640984
53948304
38332200
1271912
1171008
1682104
2644000
2000152
1443168
1943032
4122680
1422456
2147984
1862256
1158424
1909944
1723528
2039280
3653272
2500648
2274944
25769328
31650624
18504536
3454440
2740472
3642808
1415256
3330472
9923136
5088936
2272840
2108968
2074264
3569872
2442712
1279384
1651056
3174640
2264360
1320120
3285392
2656088
5322440
2489424
3263808
1883544
3779352
1834888
1520976
1706760
1825656
4578672
18148664
4051472
9249624
1578704
1637384
2619904
2838992
2683432
2635640
3031768
4287520
4431496
17808688
19625696
29464976
11655096
1647992
2391208
1879296
1600240
1791216
2248608
1441104
2414152
1582984
2897744
2315888
1241760
1806136
2212104
4788096
2861760
7615824
8734232
7900824
6945568
7366000
4315624
4656400
3894920
4924392
4157712
5642144
3242552
3969096
4396128
4042120
3784776
3680080
3370832
3282304
1730544
3820368
2336744
3283376
4576448
4291904
3507008
1551056
2954104
2716976
3168816
2131352
1678000
1944992
3331784
2208576
2014752
2556656
2932128
3141824
2666400
2378128
2318656
3132848
1822736
3841760
1783920
2590600
2522032
3280520
3877496
5643784
1586576
3513856
1551760
2156272
2974792
4958416
2715784
2127096
3165632
2650088
2978336
2332168
2794536
2574616
2467216
2607744
2746392
8449680
3474928
3780720
2005544
2424800
1919520
2077792
1947696
4300480
1524776
1419792
2136448
2523208
2853848
2680568
1771632
1629176
1238584
1840568
1752552
2443608
2152248
1740440
1574216
2466688
2784912
2765920
1128536
2214952
2030320
1859560
3561296
2975584
2485152
2573072
1838896
3363416
7154456
9580904
5736184
5582344
6558912
6121944
7450648
7196048
6142704
4585784
5721944
5536264
5772608
6219936
5335680
5380928
3080664
998384
2453808
1855640
1519840
3067296
2021168
1433248
1468136
1544232
3779360
2320968
1926560
2680856
2546936
2383792
3370160
2862560
4509768
2053312
1871168
2956224
2332520
2124192
3139832
3814480
4977864
3045464
2731992
2921712
2127024
2378888
2749904
2903600
2066032
3961128
2715456
2420416
1846536
2649136
2629840
2785080
1774760
1696792
2702976
2036784
3602280
3061552
2374472
1901280
2603984
2309144
2129624
1929584
3522920
3535144
2543520
2504312
3415512
2672680
2587560
2726720
7832216
2941352
1057176
1644264
2963320
1960504
1709832
1018880
2792920
2026576
1723000
2731888
5638200
3197288
2005432
2965072
1866496
2227816
3795776
4537816
2733144
2735168
2649600
4318888
2033048
3626552
3284560
1350152
10789488
12360448
10771848
12396344
13512592
11618992
11379936
5006392
1858992
2623728
2691536
2092912
2044200
1357864
1852304
3517392
4732648
1619632
2777320
1929224
2630136
837840
1680856
1758376
1668576
1870680
5027384
5780976
1944264
1976432
3110648
2566944
2284416
1411808
1399136
4491280
3177544
4147088
2472424
3684056
1846944
2926104
2628216
2485840
2282120
2875160
2147032
2450592
2479712
2824192
2293512
1951352
3416096
3217192
4751880
1535336
2214048
2040768
1712368
2692632
2499144
1825856
3973944
2289992
2641888
2605528
2274496
2492112
2301368
2422680
1304816
3883712
6387728
1456952
2765688
6944144
1420648
3736536
2526256
2079056
1939544
6807016
3553872
1360680
2664240
6821952
24570064
22469424
30248792
43404136
44319672
33381440
16460656
2310568
2863128
1941968
2363936
2065216
1947064
3202368
2684312
2549376
3658320
2199024
1529888
2339496
2715624
2234152
3110328
2556568
5095520
2933216
1935768
2030576
2867680
1596888
2077672
2473552
2396976
2596440
3100656
3226176
2750848
3222760
2780488
2534688
6758384
2781320
2829408
70661824
2078856
2462912
2363152
2849480
6680656
23170920
23544224
20575904
15792360
22857672
25177016
16221720
1639096
1934136
3035312
2993672
1934304
1284672
1701616
2323544
1808744
12851344
2116048
1555832
1157824
1740104
1888384
1391520
2892632
2989384
1720264
1395480
2290176
1215720
1624992
980328
1234768
2397520
3493264
1496440
4472344
1155064
3612192
5893664
6420000
1595552
3584280
35400592
66155128
1663848
4416632
2053104
1160280
1551592
4926744
3603744
4485328
1653784
1721592
1844568
2436880
2713048
2398120
2773456
3416976
4737352
7359832
11635824
5884288
6251552
5882912
6591824
13464336
7200816
6943064
8547656
7284912
4784872
3406608
1743480
2512216
2388728
2218264
1958112
1943664
2577760
1272064
1449488
1093736
1442728
982344
1947624
1629744
1859608
2437912
1627792
2090192
2403744
1903072
1994976
2151112
3559728
1596384
1524432
2507616
3026680
1113072
1558808
2242328
2167256
2023392
1144192
1629472
1619304
2364960
2043400
2229448
1906832
4536688
1385728
1708792
2094184
1961536
1353840
2736584
1380016
1544536
1827208
2584624
2323480
3020552
1487992
1597232
1303432
2106600
1443928
3234192
2334032
2920448
1604032
1521472
959664
2230344
2337760
1416584
2107768
1859160
2302056
1658624
1892544
2946864
1840864
1621872
1203616
1957208
2112600
1528520
1942456
2815064
2400896
1694896
1894600
2522808
3776432
2458976
2530640
2215008
2144296
2380016
3422768
1676992
2190832
2248136
2981032
2003552
1741360
2281304
9427456
2610632
2877416
2347104
2587720
2466576
1976768
2349256
2719328
2433816
3566152
3232008
2777608
5051744
2815008
2582912
2373792
2517208
2720648
2015760
1405560
2201856
2583592
1483776
1948192
1731288
4731960
2401360
2444696
3421576
2196432
3231864
2438208
1689944
3520056
1818384
1139768
1837904
2477016
2254728
4823872
3514168
5856328
2448496
2119136
1540712
2490048
2688880
1876272
1691264
1190496
2603960
3376144
3074776
2983632
2403000
2056616
3176480
6428792
7544360
5965800
6996344
7292392
6078904
3817840
6805328
5937152
4849040
6726656
7537960
4325312
4476792
1792720
5552560
3940600
4876672
4119352
3137280
4688176
6542528
4153760
2346744
3932016
6400344
9530040
6563768
4363552
4563480
5693624
6648568
5753096
4477072
4608288
7786920
8012264
8402896
4399456
4239312
5227328
8695008
4387712
6909768
4549272
4332520
5026936
5351984
6096544
5712448
6276512
4574608
5418776
2692408
1846672
4155728
3099912
1590136
1972848
1813680
879416
1218448
1812304
2213456
2700272
1926136
792856
924032
1379072
901088
2562448
2107288
1152128
1293392
1393920
2162976
758640
1252088
1550248
1376384
868376
1095192
2355144
1332360
1298240
1877200
2569584
11190872
10399648
10316592
11302840
12591552
12572984
6548384
506640
805136
1449152
745400
936064
972328
814064
1023760
1422024
847464
1053664
14087792
39743424
16554784
763392
694728
1260168
1376280
2162104
917552
452016
1815360
1211192
725376
524048
345488
781656
631488
412720
1428096
1015888
345936
960576
1412664
786592
542872
448824
598336
7916344
2983192
2406072
4763584
2773920
2488016
1992728
892144
808864
560776
1119008
4247040
1416464
2568424
1095368
1036400
772776
385472
719448
452200
637272
820736
1117736
430696
397288
280280
171488
547608
444024
760240
494728
910856
828104
490544
1236848
547952
729360
833248
788440
862136
1343472
690912
447376
423456
378464
431584
385992
540680
795280
851800
674648
390472
608360
352472
507384
697592
442656
537504
548648
2332696
647080
337408
1086224
624248
353912
342928
301040
715704
452176
804944
808952
467584
743904
693672
835888
487144
556568
543856
438136
477944
1479560
780776
312336
607448
2246216
1663776
652568
592208
549504
385464
495688
568576
387488
834560
385936
578544
612552
721248
392912
613384
344504
707064
753104
1315992
669480
880688
636216
380736
423216
360832
667000
282808
436008
442472
401960
551728
592792
443184
211936
124864
171088
1190200
359760
455136
293512
140200
148288
170440
140448
287992
197160
371384
130872
314640
303248
197768
263640
537336
267128
536448
439488
141168
268600
240872
177472
1383384
93544
191304
239912
351840
559720
606440
522024
243312
160552
224664
748120
227888
288712
336736
326736
305464
298008
326776
666920
180104
609240
177840
342032
167112
181384
83728
127256
281488
214448
216472
131160
636080
406720
129248
457088
328040
669760
170512
361840
149040
165216
163320
367624
235608
183848
857872
392328
286272
165960
257072
250176
120176
141776
289600
514728
219864
144536
187872
177584
42154352
67509040
319864
535248
118696
134016
256696
120344
181552
170976
217240
296448
289168
265352
310984
199520
279840
637080
254496
226160
157688
261480
241792
253296
273344
100280
178256
299960
495168
472640
146272
295136
188344
293776
458200
207176
338384
228144
134992
381144
498744
2039624
225944
166808
160744
293208
220624
185360
149280
262936
426624
163248
206488
368712
251784
160112
249248
266416
121240
201984
149656
164824
303880
161176
287344
222640
182632
319392
118584
241264
742704
938104
182240
444992
250336
184848
111784
138216
335000
125152
435448
206520
262784
244768
450768
315560
152784
438472
160944
266240
98488
241904
360464
287248
288576
533272
237288
615552
368232
306720
552392
243392
374960
647048
246448
302928
507232
262040
405432
149632
150000
373872
259320
183080
426192
303560
520168
637368
139960
279528
284368
206400
304968
247968
248112
253424
215256
210544
251680
204984
419472
221728
170880
141896
790840
311736
1370736
317568
254272
639040
343384
329128
231800
335152
526144
498560
210392
154208
167536
224904
103160
317720
113064
384744
1260056
840072
476976
324840
283040
271656
228112
364216
290592
261288
239152
221696
150080
418600
489616
276984
120176
196016
502488
255456
351752
192224
428504
446432
387608
305160
175200
309216
1080664
366536
422528
436696
364608
223488
177064
215960
335712
275696
203776
295568
398424
455144
531056
494816
480392
622000
300976
883496
457912
285672
445152
331376
503872
698632
814144
593904
227312
573336
591752
945912
494272
579776
228208
574520
1796472
340640
565496
301024
172368
376128
309712
265176
317736
190312
161440
701408
1545264
347952
335832
327456
351904
181784
405504
406288
341904
303224
305256
463296
1003368
315112
519008
484056
724824
348752
474264
284840
1745936
695080
591048
411464
1237624
375392
199232
466952
640592
1050576
511352
438216
562640
548992
575480
739448
344400
510304
967688
714576
133112
253536
536672
400264
462144
431104
674784
778616
453856
554960
628912
349920
465256
634856
385288
232864
666040
522552
207904
545168
718312
381104
1004264
714528
897848
643408
1489080
921440
647552
2434200
1978672
1697560
520232
1303208
9117504
11224040
10297376
10187448
10950576
10385176
11876536
1902616
838976
913752
751016
789056
8828296
45403128
7827480
10552384
726440
662312
958208
968496
815792
735952
1201728
491528
696488
827496
1044784
538688
1081288
367232
478592
824808
529720
644744
952248
1153160
735408
958456
677264
1075760
848728
3152536
1002912
1573488
1367520
1002184
913792
909504
1385632
1562648
1640600
1157056
1057248
2423864
1119160
784528
3924384
1470568
999240
652680
3605408
1275816
1039952
1245080
1328736
930824
1390632
1553312
1901088
2101352
1409624
1821864
757408
1279464
1172440
2064760
1637072
1431192
3232888
1737976
1701976
1785904
2174920
1834232
1558768
1379112
1876760
3305744
1349992
1883672
918608
1459072
1808528
1946096
2137600
1197720
9697040
5129000
1375848
1623192
1806280
3411776
2637944
2736272
2776720
1872616
1785176
1660064
1387328
2419816
2212720
1293184
1623088
2117392
1445104
970888
1257360
3492928
1893256
3155616
1863944
2129136
2260800
1599224
1387288
1337056
3642344
830240
1662312
1019456
1408280
1850560
2346408
1259360
2573536
2210736
2666688
7358200
2408544
2615536
2287768
4600400
2018352
5743296
1712576
2008488
1356496
1226984
2486176
2307560
1565368
1894952
5154856
1484592
2446064
1708784
2389144
2975312
1435792
1327184
1800984
1211728
1181560
1877096
1289464
2321920
2785920
2321384
2485224
2485168
2184336
2834832
1532032
1818960
1308312
1686720
2304072
1497680
1466352
1863456
4686688
2285600
1528736
1400680
3003000
2323784
1554544
2059616
1553824
3032400
2310472
1958184
1718704
1349080
2297560
1341768
2232608
2005784
1882800
3086856
2503944
1534424
3004664
4127968
3405112
1173688
1239640
1949264
1830448
2435864
39781712
33956480
3115288
3106688
5286248
1803000
9410864
2368288
1485120
1640224
5145768
2236920
2939936
1840944
2901456
5037440
1347376
2553376
2825128
2320072
4513584
2460720
2209008
2137744
5857536
5693672
6654152
8098760
7316424
5948176
5386216
6226104
5756944
2464216
2288848
3222688
5907848
2412480
3022640
2975064
3263952
4103136
5862560
4834144
5123384
15519192
42045144
18687872
3725616
3434296
9840208
24978152
9502312
9563528
8752024
8403024
8821248
7925496
8317744
10347616
9318040
7604120
3788216
3767984
2955784
1832296
3194560
2472432
1447728
1780008
2584312
2777352
2127944
2838392
2725112
2033760
2139352
2507384
1971264
1946736
1628952
1750040
2415680
9497008
2683488
1531544
1436184
1331928
1897456
1293208
1898648
2229008
1981232
1541392
1324512
2287120
4585264
1908904
3324120
1327040
1088200
2927088
2080088
1617360
2258104
1211872
1669896
1830928
1889824
1329216
2278904
2988096
1749208
1920992
2626256
1903248
2655024
1661392
1888992
1447688
2043032
2519976
4466864
1348216
1774592
1696664
1585904
1438984
2247840
3610576
3230856
2567784
1301088
2169304
1919504
2165432
1495176
1267024
2550792
2626600
1405680
1619928
1758664
2482472
4966176
6926784
7117800
7302024
8636072
8214416
8099200
7315728
20119888
19615576
19647376
17661200
2366856
1131808
2605600
2029128
5750720
2086984
1512960
2068448
2835016
3326480
7854208
3911784
1634600
2533168
4425664
3825424
1389856
2029840
2092720
1763728
2495624
2493360
2749120
4743984
2615632
2478744
3036440
5184120
3418224
2177856
1607336
1724592
3374440
3070720
2273024
24796936
42114224
9943608
1536352
1538712
4837160
1423536
3081792
2816944
2169128
1660392
1711064
1709864
4048360
1700968
1371928
1374840
67528928
22904672
17240200
4250056
1300752
2006056
2578552
1731608
3509912
4185688
1917760
3824736
2417688
1406272
3109328
3433824
1720184
2150056
4132280
3147136
37109656
32451952
2048248
989000
2078512
1210120
2059840
1666016
2123992
5556032
2553624
2181592
2641664
2099032
3855536
2391272
4494176
6461032
3034328
3577232
4155016
3875928
2619720
6156336
2927056
3735592
2708872
3109848
2588272
2972096
1863064
1667304
2154408
3623864
3175384
2376928
2855960
1436136
4150664
2119608
1970568
1870616
1880168
2485904
2080416
3502552
2048168
3107560
3955912
3441320
2346376
2136168
2511624
4530560
4894048
2014064
7604864
3596216
1101096
10028856
3756560
4584128
2374536
1630608
2306880
2502560
1919016
2409688
2362552
1830952
2141048
1444952
975424
1894608
2349984
1704752
1612640
1999480
4806984
2693552
2606320
2182856
1744744
979000
1581992
2508592
38005216
20093104
16675208
2576704
1558504
2352728
1021144
2151080
2371512
1898736
1622408
1532768
1836816
1671376
525952
1220408
1535696
1985856
1842952
1686752
1813544
2071720
4085232
1535288
731960
1583752
3318496
1601352
1012408
1886168
1538376
4503680
1596728
4195248
1428408
2465440
1533568
1387520
1216176
1178192
1176792
817960
1257608
1034616
944520
1597768
2721368
1236272
742800
1080104
2111608
2420040
1401864
2137272
2008784
2176640
2230288
762240
1286352
2394904
667704
2163848
1198352
1113376
2550824
998768
2086288
984288
1479848
2731720
1524520
1350560
1361152
1552672
15655904
24376488
23289352
8552600
1018656
1676208
4775120
10111072
1045448
1193920
1899808
1736488
2818272
5452776
3170656
1101168
4025920
1038248
711728
1175264
922592
847712
2397248
3931488
1284488
1275968
1053936
1322576
1082392
2221008
1403080
1583344
1109888
1237800
1026824
1058256
796440
993304
1018864
1407184
2345664
1774184
1099912
2401040
4497496
1086128
1325448
2565240
4050072
3914304
695312
1580800
1163496
1275128
1717856
784456
738032
789616
1357584
606960
4721488
1030344
2923768
1431024
1151656
954056
900784
996064
2245632
1409008
1674792
1217616
1281384
1367608
808392
5093984
1255680
1536664
3130704
5748136
2890664
1334976
1553248
3393352
1053712
743904
1129344
1962344
1562624
2138872
1427840
1629552
3561416
1732416
5008168
963272
790496
943688
1006472
1427296
1296552
1851728
1623240
1338024
1632864
1452032
1846072
1832536
1632888
1537712
1274344
947984
1286168
1340016
1655464
2911704
1701592
1418248
1557960
1232248
1731872
2850744
2407304
1173288
2262568
3960640
647296
1274600
778584
1879840
1194608
533112
1384288
1120744
994152
1280880
775472
863208
1151544
1189640
994136
1056096
878560
988200
1562408
1041128
1550184
1838568
1065304
1057272
1241784
2312112
1533192
2727040
4144536
1702904
1297016
1210512
3505336
1269320
854080
1379560
1198448
1575112
1369544
1248504
1497096
2601160
1754632
1316936
1974160
1701504
2242016
3527064
1770336
967952
1041600
886928
1596920
1362464
1244072
793264
1677056
2241808
811152
751320
1347312
908952
674448
609024
605744
1970408
1085296
952848
1322008
1161968
1819248
577240
1532464
886440
1433456
772848
781984
1336272
2048592
872592
1944024
1690944
1266664
1230456
6202800
7073776
10678992
1072312
1229928
2336984
4423176
3769072
9132112
3322424
2203360
2119904
969016
1323136
2693824
2046656
3312536
2576936
1609016
1194464
1189488
1877704
768632
704072
3932624
741344
549208
1435056
1092432
8442000
2735376
1625352
4393480
1064560
2055552
1277648
1859624
1873496
2010504
1425568
1500488
2545680
1470528
1496520
2319312
1570728
809048
1722648
1081184
1362936
1926024
1493968
2531416
1215472
1238992
1237064
1557520
679008
2127384
881288
1164968
1215384
1311488
950880
1391024
1183288
860152
789208
1074616
923120
621408
1363464
949256
1090672
722448
1017328
2600304
2556448
3347976
1620472
1223408
1075672
1345160
3199216
1638520
3764024
1485856
1203376
915728
1848944
1268232
1211176
666680
942984
2346440
930336
1558856
4649608
873720
1044080
747856
433696
832896
777216
538256
540272
982560
892544
1114624
988624
2029552
1236712
743224
609248
1132176
1417768
815120
435904
552712
855496
1172432
991936
387784
798552
940264
621296
1267640
1151608
1084208
1897424
514200
2915760
576328
628440
3244768
993688
1571728
927712
466232
1535400
552096
1336408
1557664
1012984
972696
1145720
1028240
862200
571176
617448
432616
365640
752016
836472
788544
872576
1370664
713648
1151840
814288
1098960
1146456
886888
1010056
763568
934352
2027824
1151376
454920
531064
702512
530512
585192
768568
508288
666896
542432
578624
430504
1021656
413288
252976
209240
164104
332864
664856
491944
396080
426608
387752
573456
545024
219544
1280944
476824
919760
1313600
510112
431328
880696
605392
397112
407328
329720
523920
700120
386456
1461952
1264256
359976
319480
306576
372272
385200
533240
262128
292432
435912
561384
493032
718832
645320
380384
364040
559792
327960
240024
271808
321904
287128
314192
210472
196232
264824
242376
727560
215688
367872
523416
384760
260304
369128
396872
242656
353824
610928
260016
867448
452848
232304
528128
359392
181152
315328
170504
423736
759304
171040
188680
1875640
445648
545992
597480
545104
280880
163784
256216
647392
847304
518624
619144
273616
440440
399808
538208
199760
118184
319576
387040
276784
386160
1146992
134016
541544
391952
415000
528680
1095808
253424
483520
170992
1094424
228512
2554584
385384
426304
456944
542168
282680
493216
148088
277112
850744
449496
175360
304000
313320
169144
327728
174360
523072
1364992
590816
333312
327392
462840
351136
253632
179008
446232
263856
144584
518792
301048
410816
176088
158744
229816
44898152
77464504
254624
264536
303240
174656
187320
239624
182632
188712
168048
129144
249232
316280
195144
222664
305600
194768
181936
1747776
284160
226920
196168
311936
208360
585672
415224
202344
320720
186504
356400
321200
514528
600672
355568
1300888
149264
135696
225960
233912
174464
93048
194352
221840
224872
473280
157264
110552
294720
206344
313352
238192
563184
336344
152656
160424
203920
276976
205720
235064
321032
183000
260128
229944
167896
126096
276600
149808
270440
162832
85560
144576
133168
177840
406120
292752
518816
273352
301056
333648
350040
345784
370912
206984
141504
363880
356184
207896
523888
451056
382192
165792
375280
1228592
5796280
309792
314144
523480
225512
237008
173880
221912
351600
235888
160576
3909208
168208
324224
139272
179152
200112
406288
188488
116656
226752
171128
238296
449368
205992
161592
169704
370120
705928
2518536
196824
208600
593776
183864
529768
256608
477656
323544
694944
462848
242808
170480
278832
118728
273104
454544
281920
302648
689048
376568
229784
227048
120192
219536
226696
186416
443832
311280
1548216
678880
436520
1852720
223480
205568
377816
298176
386592
387880
171320
226048
446616
182888
450624
258288
460376
224896
368472
631256
240600
258344
143976
161336
170120
398992
156208
110976
341400
347248
380352
391512
133136
256312
554040
260928
131216
174032
323896
664048
237456
719336
121432
342680
549296
250800
380528
132176
193240
222328
166608
112352
215672
121408
237592
358944
330536
229272
480248
246736
275728
161512
424040
449976
2552544
250080
227648
370896
132944
199144
434792
567448
395656
293288
324288
132096
104416
246488
124688
115368
166952
222960
547232
234992
349232
191728
304880
199064
153848
398760
163296
346408
724040
302360
131456
1082704
757288
357832
201872
274728
389656
557888
159936
384328
415520
183496
387512
255288
278472
330504
289112
358328
386016
537224
227368
245688
735192
583424
562184
239976
325760
444024
435480
358840
215584
422272
580696
737240
431216
384864
612288
845080
563928
593752
330696
270336
655272
259400
500992
372712
455416
622712
514616
335872
356096
524944
268112
338152
331144
493480
666280
766000
637680
604560
743976
606696
509384
461880
618752
481112
349440
596704
1671032
573944
644832
382552
736448
1207256
438400
491368
738912
662808
317992
486512
496160
396488
356440
3320976
490672
242600
405096
868912
350344
459976
644416
644272
757832
1396072
703880
649904
935320
2659984
907648
540264
422976
1139080
871904
497776
556176
626200
559224
237792
646792
599568
336816
898008
684536
733496
434448
732440
761272
2190776
1859168
1193016
986880
791112
393304
1575616
191224
542968
476928
342328
868336
553424
1107624
899120
389328
1537760
932072
509328
870096
612616
334256
543728
1414392
555392
421520
913928
327976
759776
618080
1364712
606184
2903808
764928
2313376
3586648
2060656
633256
869056
895088
867312
910528
834832
749536
860384
580880
720296
721784
1541800
750992
426248
749488
1234536
965216
795984
958704
308224
425848
463512
175568
826720
250248
1015712
329168
432920
756336
598968
2235152
2511200
1166496
507592
856760
391184
546672
1073504
462736
670920
1245736
1160968
633464
653504
747512
223584
2062744
2470120
655480
384640
546208
884600
743888
487920
685704
625048
2686736
1464208
426992
555592
1132448
252576
1333328
640616
837144
1025784
1347016
957504
961752
995080
806184
1071840
914200
1593248
2312720
1031560
1981584
737968
922584
1279736
289232
613456
1171936
999184
990192
829000
1307656
3289928
633184
4745440
1135680
3920216
5583192
481824
3470856
4326144
1063784
1505712
798840
456528
673048
493496
724016
990616
878480
1211616
678368
927168
995640
2313152
1886648
919016
561560
365696
1627512
1035952
1162592
9304896
1983072
686216
799568
6523744
3777296
1316360
1015552
1316936
887600
2702936
1326680
398760
819824
1316088
2546536
3055136
499544
1565000
1141928
5122256
1125696
1042336
1210136
1946568
3877832
1704240
6024312
646688
746016
462672
532496
1269360
800896
850952
610952
878816
958200
365520
1212992
889616
1540848
10597248
3274048
6329440
190456
539664
1842720
2141352
1270912
891824
818872
975272
1104528
2650280
1563192
513296
630152
728672
1163680
3562616
6456288
3950008
1830296
3391160
734720
782616
2913904
1164448
623800
1540952
1147880
1096920
1113128
1426248
1113664
2012360
886856
959680
2930664
654752
693240
875512
2199600
363640
734952
9706624
363032
402032
503416
977760
3813528
2055408
1245048
737032
723568
1332168
1828808
1481456
1065856
575152
692416
381064
849760
1151168
1609384
584912
1360376
9733776
8866904
8891912
8354480
8193880
8487248
9327688
8349288
8412448
5424112
824088
1323824
1356624
806432
1413472
1024504
999136
1198520
371200
562240
645392
618136
757576
869208
958152
2529808
609776
845168
375008
420896
1481224
948880
929512
386280
1007968
446840
1339584
1684416
748464
970040
3300440
527136
596504
968272
648840
629704
499224
2007480
1025160
2164416
529208
430488
663240
706088
1479376
1246136
853920
1525960
917392
1249496
601256
496792
750632
1966184
949552
881512
1251120
1129272
1125136
2777352
5035080
669088
448984
448440
569680
3904920
549152
381248
360608
733096
5393112
505104
475952
647120
997448
1147064
2917056
1208608
1328728
2499496
1827472
887880
919560
1680848
2597840
20464752
21516696
15967120
16248672
737200
4491360
656536
423296
756584
1186304
1463272
3489544
425360
438024
768064
813792
1785800
742880
2121672
789592
233360
3897432
823192
791776
855408
1711232
1572560
861472
2213336
764000
946544
405192
1105984
515296
708568
570856
832752
1467072
346384
600848
430856
1271776
527888
521368
332112
748688
777392
804936
579176
682656
490072
672256
470440
892528
1079528
2200720
2928472
1990864
953280
884008
461488
2416112
4404568
1352320
542744
540840
6280856
710560
736840
886336
2034000
632456
1013824
9993240
10294600
11158688
10561352
10205808
10054328
10446688
2569960
763672
586240
1212112
3294704
704776
465432
594288
1531032
785176
1214776
358168
497144
305152
1084256
603440
878184
1270048
773608
631320
543936
385584
710600
643984
829904
600832
670544
331928
628648
434752
724096
684552
931656
931576
883768
1009696
986864
604464
473688
636976
1045576
471512
480144
838392
382728
2238216
1395000
511664
718352
559864
920928
771208
2780248
520320
766912
7078608
1610160
974768
2347744
909856
1511192
2322520
557688
417448
744104
419016
877472
1527456
2951104
1220288
508944
503416
5615928
815448
655232
670784
692816
416664
1519504
3424992
606976
809648
609280
418152
825080
454872
639312
510648
684320
487576
1462192
1741808
8865408
2822656
159392
793232
513256
828720
2573752
622288
886856
6071448
1538208
3002400
874312
3159296
568176
784880
644104
650424
4547632
3709312
2879848
1267424
536832
478832
925504
912792
482048
135928
946384
2307400
1119376
1843008
679504
1514760
2075328
4030296
6236880
604632
1139136
530936
450464
1904176
2647488
2091000
2494480
1017368
1772768
2597912
964312
506048
896776
777376
860544
984400
1250968
693688
869840
365792
552104
1151544
923136
809744
637232
1019936
1142688
2583688
912808
1808880
1695896
606152
800184
847824
991184
1172976
1089312
1387136
770848
1265840
830608
1387576
745192
1264544
16518160
43765864
11100792
1021640
1251520
832784
805384
1006512
1136136
422248
378576
622480
1606392
4806272
3121376
1022160
908688
1177160
614816
646568
1733568
409384
1033008
572888
1025280
1291240
1392376
573016
793112
1119736
1047056
416584
1241008
681272
1128384
679016
633256
494936
1023400
1799464
704792
1499112
719672
518664
631256
639384
825928
785224
1166776
1041864
880048
1166528
976472
1031008
1315280
1556208
2472864
689696
1024656
720016
608024
2747840
557136
830840
1316216
857512
1056984
883440
612024
1883640
1473504
3408232
565432
524272
196688
601664
474248
968944
648976
1070280
7117136
290536
1320096
652376
938592
669040
980496
423880
1471360
3216920
1472672
3121256
854240
1367448
1741896
1925920
3552880
855552
953632
5018608
873480
971504
966504
1077992
1074096
1326360
30017792
32043888
13387064
767336
1406024
931224
1658168
25250120
21175016
21093776
1338712
1190984
692888
745688
2198856
834800
388224
1661712
659016
1067888
2645296
3852248
1982112
685856
1375576
442064
1718736
1262632
885280
5404984
1733456
1339968
1274296
3262040
717624
3045664
611216
1468608
766728
906808
808248
888960
586512
1088216
1299768
1092608
865160
751336
607112
1582480
4441456
1860584
997672
1027480
608896
865736
777920
1167640
540216
642216
1463720
1085192
556640
659552
574888
348296
905816
398120
773856
959712
1537248
809376
961448
995328
2183856
965800
765400
2647512
753864
623696
584064
863624
517152
1505696
2112152
1406008
2462224
2718224
2855728
1870176
5738480
3784520
2507704
2119504
1877696
3046248
4519504
7394240
1944832
2315368
3404568
1862720
1951392
1379312
2149504
3980648
6113136
8931072
7400648
6136504
6178320
5850368
6430520
4764376
792984
2572064
1245792
992360
2032808
1318008
860120
731592
900952
678064
1164704
3464520
1444696
4692648
723792
1367376
1201896
296872
860760
511840
1240912
3181424
1284536
493264
1612864
309648
595424
1138680
775616
868288
649040
652080
437088
1212624
646408
698512
623440
494344
2308664
844704
832456
242904
1436416
697968
890496
787216
595368
964480
936112
746176
420600
659240
3457912
607112
420248
3733104
53155056
13450696
757688
1000008
2989704
1989512
750208
575600
565432
1032608
330144
977064
969584
729192
1272672
1857000
2229448
1100224
434944
2023272
712120
392232
241856
687832
3738720
153040
428552
2215696
709104
1089592
1221616
3088128
777944
663800
3994320
147584
363408
381064
919616
516872
566184
872408
1623784
455832
471480
367064
439064
679864
673608
654752
308664
288392
291072
633840
628616
600240
584128
569512
276864
259792
385544
303896
750560
225928
166336
243112
184328
916960
303392
450144
499608
665040
113736
212976
659256
399728
515008
429344
602544
3865664
326952
2337472
1331528
424256
338520
269704
156896
223384
513640
297832
502728
228728
495064
1341472
2547096
300184
249720
125768
487000
1016000
231856
528864
688000
289848
301320
278952
481112
533984
636248
1452456
493528
666568
669680
385032
407968
444496
836864
498784
2786856
197216
400936
361544
676312
158816
326624
172752
298008
1027512
231696
593072
358168
87920
239952
104912
187768
146320
213360
349592
390488
529320
417568
343296
832936
315680
106312
350280
229784
308080
162264
126200
743600
1150880
159368
178376
234608
99752
95368
171600
993880
724480
178376
225872
130232
189688
502120
132056
365856
109416
204416
144512
156344
254008
298416
308392
354904
257656
373280
209152
261504
223040
308872
155144
127736
208616
171432
523952
124776
279056
358376
226776
46606744
61383360
301864
294816
1124136
367312
148136
685968
213104
475752
341440
156648
81904
1605192
310544
303224
258328
131032
117672
161624
257680
268880
192976
258832
198936
125992
377504
310752
140880
315656
172216
176520
2243456
274328
136896
164336
141368
1068088
232560
144336
176352
811576
3377464
228928
129832
363784
219488
288776
231528
158792
155632
2448160
165488
170408
90184
2609896
86704
78912
153264
203224
1699744
2831904
2593320
192192
130544
336720
322960
187864
289008
326152
212848
378960
469104
324448
160728
313760
847448
167288
123248
203544
139488
254392
110656
214616
311752
302992
291376
102216
100632
141848
99792
210560
228944
209712
173064
150424
161240
142056
203280
130848
404336
131120
493472
349184
159824
209168
134120
185248
343592
274096
206384
197272
273112
283920
326408
146016
312552
106952
492408
250360
228992
232280
769552
221736
253360
138560
285128
318664
230176
489368
154360
137416
225256
272352
153848
158328
42169336
24604408
219240
123240
419128
418600
133560
309952
175712
217072
285640
191120
86240
124928
103352
76288
1198248
387704
209408
126344
163144
291728
202648
224672
237944
131144
352856
93744
401048
1413360
119344
724360
177608
188048
304128
193248
108080
192264
135424
162776
628736
167088
308320
417024
345384
154520
124184
116616
203408
173016
466704
147944
188392
124264
195536
130344
228400
181272
166296
222880
248424
158560
226312
129552
153032
293568
175120
157440
437312
1424176
502296
414792
987744
625272
287728
236608
206400
162976
487400
220600
212168
289192
134416
128656
1579760
213832
226128
155888
267792
175184
74216
271568
201600
472816
351872
117280
82208
185128
288496
91104
284528
503720
224960
278272
178440
129288
269360
312960
454464
244440
215360
747240
277904
168456
193696
406120
235512
488192
257256
221856
470832
307120
688896
6018336
615072
224040
326016
265920
215376
414440
220328
197384
334440
776152
1261520
482056
223368
223832
337192
200512
207736
340936
367888
349736
178800
260640
292352
1509328
718952
370080
483128
1060984
431640
443384
560784
353312
216080
204624
1109432
120408
632112
383888
336736
236472
195240
146720
336096
370056
161688
80800
105328
271192
383592
818456
404016
1715000
377136
454712
529992
325720
541960
555440
773768
1217008
758744
376608
355720
879632
201056
435856
529056
344512
627560
213752
382248
233608
270744
398008
551176
458592
379368
1130160
889392
595024
453440
225400
303232
495240
760008
486136
295144
797920
342408
307520
294600
714928
412816
329424
904584
1751512
2915712
389000
521840
427992
2159672
214360
1310696
735696
793136
529840
666232
1173536
626016
291664
1233480
775496
215200
793744
883728
779744
716656
1247328
776664
1011880
1131960
715008
631560
1314888
656104
452560
447528
665488
686136
741600
1211344
1056488
533464
1715464
679336
1412296
1865072
1110424
787080
1129304
844840
809336
1209128
1330448
544416
1496304
1141880
1079520
1380728
1806600
683504
619048
916272
729976
541024
489080
594192
531024
2167824
1141088
502392
843368
829112
584992
1162736
1081688
1771176
882208
770064
816200
1356656
995168
460400
1081160
747272
1459296
672376
1372872
817232
852792
794488
670576
604048
574200
389720
4534864
738000
678960
3500472
1230392
826688
727784
903584
415712
2497872
337200
642048
581232
509184
904744
1222640
1027904
594784
2008064
1305952
1401424
650048
3145624
950656
1132056
665624
1168048
3570976
1250256
6307808
5011264
954720
1134048
553488
346080
537896
897864
297272
516776
628264
2414336
1145912
1322936
392728
729032
1889320
734432
977112
4107976
788856
1195496
565128
627904
3355712
858800
1653528
1493992
1062552
1167608
769248
766976
845024
818824
1053232
1452408
3435824
786768
2570520
1221120
2507224
1223944
840752
684968
916400
1013904
864272
1232400
1275384
1671160
1535832
706112
1167928
923528
1724032
1860056
828864
861648
218600
484848
626160
1393816
4622528
760304
1167008
769632
798632
1255064
698192
1322392
941248
883984
1153816
989800
1387944
4732376
589760
654336
619200
1085760
1188800
901832
992168
690704
457480
1522080
1438496
2564472
963752
1118752
772888
3552024
711584
611208
454696
714208
716216
916512
1240840
1187168
1658136
1537656
1369000
1672384
724960
1246136
708792
1378832
594112
936912
1235872
585032
488304
1988152
836144
392552
650184
376600
2311048
1987904
1323016
632264
1097832
2013424
691248
2911888
1037880
517408
626064
948752
624416
1938392
1717048
2077928
649680
271832
1019816
700376
536312
781664
2017352
1029696
412720
778088
997536
389576
524800
396456
579520
1675024
1033816
1069744
1814104
820248
3090856
1095768
2516264
3624104
1325128
892392
1182640
933120
599296
832136
699304
990288
1296912
1479112
1661912
1445152
1861816
876272
1230288
1125376
1971336
4139768
2696408
3501080
3240976
1227800
941936
1055232
1976712
469832
432296
1346056
4293816
1035336
2420752
606024
1217016
474608
1975784
1236448
709896
555840
1801960
559000
508752
878760
584424
2558440
846208
820312
664264
2133576
585072
369632
1326464
1339352
1761360
723288
3962352
906112
4620816
745344
622216
782480
1170400
887808
833936
304144
899584
3330696
965408
1285328
1463472
804024
773936
960576
1766080
758848
2003744
554656
1465136
1092368
1286848
455376
793408
832528
1428992
997504
558848
1093008
2146792
786344
31201256
36349952
725488
974312
1188048
283592
1003056
1662208
3616000
1591984
1247464
1113032
938752
957936
1353920
975464
250088
776256
693520
1831032
1476656
1504184
1355728
819128
1150360
802536
834816
1236760
641456
744144
1219304
1062008
492376
727320
704088
795800
2849512
1107512
830608
1112208
1132376
944112
790432
891648
660872
617808
548928
2468672
1859168
730664
2631968
1125472
2231824
842896
3736816
1451424
1179904
3244920
288760
254464
718312
1329272
1091072
1085256
599192
945672
992600
1294152
625976
748240
651896
556024
636552
701776
828344
1307096
1152104
649400
1701112
1143848
1282416
3547664
724416
870664
3437096
842568
1075024
851504
915680
1217520
800280
1960448
2098728
2243832
3592984
769152
664432
392160
876416
497592
912976
2444736
2944744
789320
2804872
458760
2134408
2050680
3692592
1151464
2075176
3757400
6837560
470376
696744
2628160
2408784
1037056
966032
1350944
1019224
1278024
906568
4652608
1038080
521104
694336
351576
1304280
1408656
886680
646960
765944
586384
4696136
1704952
1007432
1970304
1077512
2222256
2429912
1362904
1838048
1449024
2106888
1566552
675096
753584
664752
4225896
1379736
1495072
1976304
1045816
708736
773448
995800
1061448
804824
1262032
1088256
1117824
1540592
856240
3725816
890576
1883976
1637160
2510896
1403616
2107296
1142144
1216800
1090688
5887680
842728
703288
1047256
730640
4510920
3810888
399280
1871272
730104
862016
1633096
556200
563800
507648
974920
1766096
1153664
571536
1289288
819320
1201392
1000272
421416
947504
1598272
579944
1707816
1094376
900264
627168
652848
4526752
515728
781976
799936
1363040
1476400
1547192
772776
1311184
803616
1891656
642008
830256
1242440
1355912
1061344
1744496
3821704
24972632
31402480
18729680
1614344
1747704
641688
633264
574344
636232
692464
1813624
1594024
866048
1214048
737568
3441344
1158072
836352
1773624
2679696
1334224
1953040
2167640
1285232
1082080
1159520
1557184
3464032
1543992
1645304
1307712
1923520
771536
979440
1239400
922904
1852416
1344288
1559272
744736
831608
808584
551304
840488
750904
1031864
484984
5073432
1446512
527496
595208
1143904
5027632
841176
459616
583616
902640
1498344
1340760
771376
1352600
561288
449512
1313488
1374920
1448536
3606544
985360
1195240
1073456
890704
1722968
3100272
1205424
1048200
1104472
1352320
1421912
1610336
1008032
1287952
1118448
577944
809360
1216640
944784
1392400
2783272
931664
889960
852088
2659464
1026784
1326048
1497000
799144
534680
1015784
1766792
633248
1873904
1871512
2281864
5904568
917936
44497136
12993168
6227088
7204800
9827312
12045800
9496432
1567616
763096
942760
1039496
908016
910664
1731336
1619664
1306048
3592008
1134008
5220576
1066896
609952
887256
1301032
1821688
2131792
725192
2288456
815320
551592
880768
927104
1274328
1240904
675808
863376
746376
2386016
4970072
36099192
36814936
2586264
5469824
3128904
4654976
2402184
2027192
2833088
2200504
2092928
2455344
3811520
2981288
2454560
2777896
2513120
2267680
3293272
3383744
2995536
3460456
3080624
3153088
3631344
6202144
3716576
3628824
4005040
3614904
3358680
3121920
3227872
3453632
3608400
3235992
1943672
1560896
1304152
1756408
1247072
5641264
48128848
22292216
1311416
1252120
4349896
1718184
1338224
949360
4431480
1749328
991144
753376
2665832
1018168
875784
753256
2006048
3596784
2259080
914976
809392
885024
837808
2029112
2392856
2086208
1063720
2197504
1598968
1184064
1291360
1148312
2268440
1037200
1237104
803904
1028536
918400
933696
1267272
1650456
701848
720712
818640
956064
2997264
1059632
1066824
666848
1065848
1036824
2064584
848896
1160288
752656
1398096
851664
845120
3192608
1219312
2196240
988640
737520
625048
4840688
455392
662152
980560
1118176
441488
2005952
804896
969536
1224640
1494120
831736
996440
836424
1019376
984400
1238480
928688
1001792
1233688
542928
1281880
676664
429672
375328
1206664
739672
699048
1012232
917856
726424
958840
635176
597960
666320
584496
977392
969536
675832
849320
460040
655232
1492488
1666024
807256
905080
1923288
2261832
2674816
971584
966728
1009152
909984
2256128
2177640
1311024
632816
1008384
1832936
1285752
20967576
2606344
801096
2444952
537168
1057728
1061048
1227624
388592
807544
1402784
732872
903296
909792
969488
1697632
2232920
1106432
874520
375960
1021936
729048
845928
1385448
470752
742312
1267208
972288
1493160
1738632
968328
12512720
12614744
23301560
22539920
6637744
508984
983080
1009528
690384
669328
688648
1415832
572560
892656
552376
865944
536288
349992
244280
815856
4115776
343096
914560
1680176
1376488
303184
634016
659560
516144
1611872
2213128
1153584
473048
236000
428952
467856
346920
798704
1318432
537048
809648
230224
329568
1008648
669264
684656
454640
369808
606576
811584
229928
284800
497704
285840
168616
313416
374176
307400
425160
166864
209296
810160
494584
743944
272768
455320
264448
768360
800400
333528
669664
311512
1086208
554488
838824
3404808
530128
375032
422568
205080
190920
326904
215992
476368
307248
198600
167856
464592
352120
391064
929560
185728
205968
364496
722880
535672
1070456
284504
1003512
320512
255512
425392
279904
446504
223048
904288
234992
772248
336432
292768
199984
325472
319440
467488
392656
337656
230616
312056
204256
391976
484480
342016
418320
395496
403776
336528
388024
217592
415304
268864
829968
375688
317680
363648
279296
251912
988416
407056
198040
192880
215024
378384
171328
234776
227648
152448
253592
351928
362992
408720
317920
407400
238584
415000
176416
248176
31866864
77523952
341504
235160
147008
187072
234040
169816
210016
292112
258560
233832
160896
160256
749336
214392
789976
738416
338048
189312
211144
131120
282200
189560
194768
190808
181904
221504
131600
181112
161976
114760
437584
156384
129392
174512
210112
374984
111568
191048
182368
195512
192000
213376
180360
311920
669384
270304
189944
279384
469936
287152
250192
222600
218128
291792
596360
905720
452264
203584
282936
321448
357568
301504
384312
367896
184864
177424
156152
431496
227240
223328
412000
278096
254544
411504
373096
299576
290872
242680
249088
148152
328672
304496
362576
428960
107248
156984
266584
583352
235416
325640
271152
174520
188616
204008
851032
200824
368232
287560
153016
248088
351168
474624
4099112
815272
297648
383112
335600
258008
213264
231600
179760
103808
200488
182432
267152
225480
174544
239488
490448
1129584
433032
337480
2528288
272176
429440
459640
1026384
345160
400680
193816
199616
210208
369608
145928
161632
335176
206384
270560
239824
348448
137824
423800
191160
214192
281064
120552
204552
396968
261760
269416
187984
183584
291744
559184
248632
287456
222872
172256
270272
404544
330272
219032
247200
176440
661952
854040
302984
342712
330712
350456
228976
228592
160960
206928
340520
289848
313440
511728
497712
363112
458120
151776
258048
312008
180552
189224
402688
502312
373728
348152
346184
409504
357408
480496
941392
428960
170840
273384
230552
133928
348032
298488
159168
228672
379648
325848
295168
787640
274408
171592
499240
301448
412440
189480
368632
399776
322144
411760
400400
192728
140456
188848
1244096
242656
311776
540480
326960
377592
668936
484232
575888
338696
275128
390752
326376
300336
411904
273216
599672
342344
300176
268264
327896
412864
670096
395472
269136
378224
544864
271856
256768
302160
563368
186272
374296
249544
262624
301928
250152
254344
233728
289320
759856
506856
210856
295736
631720
570040
767784
336840
377912
811120
271120
366992
218496
325736
368352
382448
278320
666760
322112
2067360
648408
361576
324264
419728
395872
576544
514208
1051776
397176
504448
561152
446456
6366592
754016
801952
566280
754536
678576
1456856
2031512
759376
612896
509368
747072
708560
439528
860400
582136
591944
968856
1005720
734640
1597784
760896
924792
1359472
1091488
1064584
808600
556920
362256
2171560
829080
866136
681576
1210544
1042968
927760
884336
658048
1253704
856264
950552
1074912
855728
1252384
1843064
1356176
1175464
1729720
2193064
3474336
974536
4570608
1396736
1184760
1465240
1675696
939488
1332888
2412576
1897752
1722520
3268176
4471544
2013744
3758872
1156336
1984176
2445408
5702328
1584744
3108336
690960
1537952
3920376
4298632
2246272
1982352
2437872
1790280
2422848
1649672
2341712
2661656
1807560
3957272
2207776
3307280
2743488
4217904
5030008
3365936
2846016
2742184
2810056
1869624
3262488
7428000
3488752
3015576
17935328
16969656
16017056
16395384
12051664
6821384
2665888
4038352
2657736
3263432
3627000
3172768
4304128
2911888
3059520
2853632
10432440
2692640
1852424
2017656
2247168
2595728
6580256
1943296
5434560
4592744
6550072
3333192
2369816
2530224
1883920
2385288
2282088
2896240
3114760
2344992
2969120
2067400
3096584
10680096
2588688
6150608
1369168
3222384
3422872
3634664
2276960
2018824
4688992
1009248
1661400
1750984
2146088
1280072
2392112
6068344
3230272
3818816
4191416
4543768
4378592
4716688
6313608
3768952
2215928
4905824
3546512
3876888
5367376
2627304
1663280
2799208
1761936
3483976
2644528
2962928
4265688
1708720
2431072
3412712
2413608
3409416
2008128
2102960
2988360
3894064
2080032
3055032
3080472
2175304
7049944
2702544
3108584
5470504
2785136
5898328
2133800
2960992
1762024
2049280
2536816
7151552
2522840
2949144
3255072
3115688
3003080
5522144
6589024
5059888
7506680
5403360
4054200
2928880
4850176
3676952
2913008
4386480
2233280
6534872
3478568
3256080
5003728
3721952
5791136
3357152
13003440
59155744
2411352
3652560
2085736
7206744
2361744
1734296
2291016
5574256
2726928
2594840
6244296
4133528
2487712
3423560
4347888
3331064
2569096
2132696
2294144
3927480
3060352
2232344
4003416
2090504
2918280
1605208
1962496
5160128
1759896
2359592
2047752
2095880
3613640
3288088
3552408
2431424
4173984
2220408
7351248
2705672
1692936
3641296
3596600
2917336
3307064
4661632
2848608
3042640
2959824
4623456
8314704
3841272
2419600
4642984
2077928
1988040
1945560
2422408
2241512
2319912
3610568
9803984
2577344
1720744
2062128
2125456
2006304
2605200
5871888
2581608
2469392
1588320
2205328
2919408
10768384
4741808
3847960
2745856
1649544
3791888
2347912
1496000
954592
1452208
1784064
1808496
2730168
2179504
1630056
1317880
4294600
3957456
2378384
1654832
2618904
1792184
1843632
1772472
2114440
2054816
929552
3235304
2498136
2009496
832728
4954016
3810008
7425728
2197656
2109088
4608768
1427992
2554536
1657104
2131408
6520712
2287776
1565464
7005216
6517160
2040784
1648896
7263512
1878312
7877272
1462072
1139392
2010496
3691224
1752408
1878352
1984600
2010352
1737712
1943032
1780968
2505688
1519608
1171464
13319560
48757392
10374928
2752904
3099480
1834576
8170664
3135040
2698520
3009000
1533112
2277920
2033104
4263464
2793120
2005720
6661344
1230888
1552328
4258176
2176184
4246904
1628880
1577224
1976160
2000592
1704664
1220168
2832592
1870080
1850600
3908328
1731672
1788128
2260848
1255432
840240
1591936
1487440
1351032
2303792
8595960
1588176
7475960
1789160
1234936
4073328
948848
4118536
2668464
2544520
2050720
2621176
2443552
4297976
2078408
2686608
4405592
6808104
2968760
3309800
4005912
2523704
2806728
2658568
3010312
3599064
6530032
6552368
4495296
7732504
1856448
5526816
7837584
2751664
1867872
3357448
3204928
2599648
7464088
4418912
9455664
2215584
5306504
2365504
1937584
3812248
4121256
1760072
3283768
3356592
2460656
2662352
2094704
2137768
1584768
4808376
11134296
6263712
2701832
6015736
7394400
6586760
7377136
7090672
6122064
3659152
5561864
5107752
7661912
5327752
16784656
2990584
1316496
2371216
3291872
3658968
1301392
1564696
4079656
3414336
5932896
3446488
3557152
3224208
4644536
2385736
2858272
2332648
2390056
2937496
2440984
2869360
1789104
1483824
1859208
7104320
4450664
1401192
1830080
1755880
2359416
4655728
1697032
1367568
2348672
1566128
1171272
1974784
2529344
4198544
4462480
2620592
1855704
3152472
3323264
2817024
2416872
3582848
2892544
2613888
3139296
2865928
2493872
4302896
2559000
3904032
3268744
4794952
3060800
3422376
3835344
1905432
1417720
1290448
2807784
2003896
2454784
2490872
1805896
3085056
3760080
2003456
2523240
1384952
2168272
5822864
4747224
2235768
2051488
1270784
2549536
3297752
3261552
2486344
2848728
5386032
1398456
3818696
2182240
4648544
1843696
1787872
3430160
2280680
1464856
1133960
2138848
4944640
2446416
2177816
3050984
1781544
2149448
1102472
1518864
1831648
3324840
1642080
1433424
2166832
1896584
1806640
5306080
1779888
2223832
4083248
2525624
1493608
1494992
3276856
1781432
4266792
1269672
1301856
1601336
1588128
1177016
1447472
5723032
2517616
7206280
1832688
882040
1273264
2046888
2613784
1404776
3067608
15634384
19590640
19404896
20379008
2536968
1100856
1688720
2306512
1044392
1848920
1619896
1774864
2594216
1856408
2947592
2133872
1399888
1590384
1559272
1508496
1264968
1041064
1760816
2034864
1387512
1758008
564736
4070680
1477480
1257616
1133072
2207080
1758112
1049672
2880136
970856
1494440
944152
973992
1300832
1569408
1273224
1299560
1143984
1462272
1929936
1594808
520464
1139488
1111264
988320
1534544
1118272
1686112
528048
915608
2137152
2401224
4855736
12144392
12737184
8855656
10045768
12096176
10928960
11447400
1969624
658384
1616128
880752
848200
854864
1806544
1435008
3222448
2868952
1203024
1474168
1653552
1848528
1535432
1003376
24198560
25832760
19776008
1827000
1079728
1865392
2201720
1332064
1421512
2866528
1505272
2106888
1339272
2014080
1912088
1367640
4296680
1463280
790168
816680
1899784
1499896
1152416
1194320
2177384
1240584
3018896
1098032
2351936
1108080
549080
784640
830032
1360864
2054352
2303904
1792240
971976
1223816
3595488
1967200
1196528
1828224
1784128
1008640
2122248
2209160
2014400
3807304
1592144
1597664
1581128
1646168
2672368
1646432
750160
2050496
2206184
19481240
17366168
12736376
4912432
1579848
3080424
940472
1229912
1524704
1548248
1230272
2911304
1516408
3389104
1563808
2599672
1098912
1157888
1090152
2176040
2381528
2409136
1513864
2648184
1753096
2568888
1296440
2970648
1357488
1595752
1148320
1173520
1076872
1120528
3003512
743488
1256048
1262784
1364128
895976
2616992
1145280
1228040
2673864
1879976
3788624
1383840
1488840
873568
2091488
3089152
1802952
1313280
1520472
1510808
685552
744504
1198424
1132912
971064
1528448
710864
1046632
992720
764824
2081976
1383920
1263096
1943416
1262824
4009408
1195400
1340584
1297840
876216
10287048
2155968
2125896
2316776
1709544
1156904
1063856
4255064
2555688
4249048
2285072
2744480
5682760
875528
841720
1618192
1008072
1359064
1182416
3175456
941552
1207696
1219408
1414320
1028408
939104
738128
649008
1019480
1606624
1955656
1426336
1113464
1394152
1130592
2103248
1598624
2043696
1989032
1492248
1025816
941360
1689944
1525824
1381256
1180080
1617872
2063064
957472
3130088
2895912
2795512
4549464
1317656
1188688
1185896
1269656
1022328
1572920
6741776
1750688
1183416
23057816
46513944
1807272
1159048
1083344
1591112
1047320
509968
1954128
964328
1478736
1424688
1086384
1339760
772960
599744
1664040
1054896
1454592
2404040
1622568
1096336
1585096
908160
997176
1393488
1021944
602664
1199928
750152
1688856
840024
1279928
900368
1210296
634832
802896
1128176
991856
627816
1071648
614184
703952
773488
1080144
832576
976720
667360
3743832
1186368
1114488
1083536
819440
883136
925480
502000
1260768
568592
624832
662336
1206216
819528
1765992
6217208
12268104
12562960
12910040
12217120
11000032
9066576
3005912
615120
746528
487984
732704
550496
1657664
2164696
784704
3119136
490840
643144
701456
6833424
1125944
3136424
879096
696112
563824
756736
611416
349888
1324080
501944
924520
2422072
477536
622040
690424
422424
717208
563152
354368
314496
548208
757048
713888
438752
481504
694144
1071800
674864
1370328
1232512
916184
1182968
240288
828240
770928
409408
634552
337504
417112
328064
510560
693248
760040
944064
925288
259664
444144
372480
451704
693056
390368
712600
369800
1001696
786600
1041096
1177368
777448
503544
552808
430744
708688
205128
388392
623016
603024
771672
384480
498672
400688
591016
722624
468600
353920
284920
254616
1196936
493136
377152
306304
376488
209568
702392
294704
340872
426328
449720
303080
385656
277816
440200
568432
526680
236840
321560
446832
323008
308032
498976
771856
433640
211824
268216
450672
307440
546984
409280
356640
720856
323912
610912
191448
474528
597640
652424
509832
512776
471312
1729064
480584
487912
1509632
292232
249400
412160
213584
287096
1985336
888600
720568
476176
447864
1632480
118696
948872
639864
886336
750760
1175192
974736
1128536
651712
277680
242864
324840
201624
371328
223088
367568
171864
459888
229576
162648
226872
194824
373416
248272
284336
267400
255800
212392
724376
577776
412208
347048
278824
413584
2104240
49066208
66937960
393800
392672
247960
402624
809224
451856
412720
465472
340768
317080
234448
375928
404072
733136
374928
272760
367256
263720
218016
335568
230936
271192
461416
280832
291072
487384
417896
221720
306360
301352
209416
135520
168200
188976
323376
234904
428064
627408
388272
328760
386608
162464
157248
417360
1230320
175464
166304
165600
148712
123360
245744
412112
273760
217984
275480
281576
195888
204728
348080
437208
324336
127232
239408
1742760
313688
764040
706544
201632
857744
234984
105032
259992
504480
196352
870136
408184
737872
160952
160256
340176
237760
130168
201888
314272
306968
253352
274376
261856
180272
715160
782040
535112
280648
395856
107752
133296
264832
939736
389888
507432
288704
204664
362480
290296
198472
316568
204464
1605152
449056
182760
247960
316592
410632
1797944
351080
218128
572528
310224
492784
158944
343960
505848
505592
381800
308104
597424
1483688
169600
244848
308072
275112
388432
984936
201008
421856
257688
226120
221288
204552
212112
382888
270688
406128
380560
601128
358232
243576
288056
132016
166568
120320
99960
223760
301600
208936
454904
413400
1176216
206600
668576
148888
306080
211432
294296
139816
184976
867624
1319120
404112
361368
658320
287480
171424
157744
253344
492776
567128
695928
193240
364512
237448
293896
1028688
762424
304664
268576
336640
274568
441256
374264
470304
321688
1187944
374464
529328
403368
539808
704784
448168
488976
203520
231776
563200
474240
583592
771400
326096
356864
411000
338144
2180472
397536
787040
583760
254016
514528
178016
1558688
407584
918648
390488
1060944
705680
284032
207000
1740048
503928
1000344
680800
564024
250920
714704
578504
582648
184448
453024
494480
1051016
559712
700360
548888
973112
408144
384520
268048
350152
188200
468624
400280
561120
445728
308056
459704
255288
4001856
738464
562184
1022088
333184
651216
641288
604176
652472
960528
1944128
823760
860680
1724264
1382320
646256
1200888
584416
436888
571576
649936
1179832
466848
405080
428872
512224
317672
424152
637480
1752792
894248
507072
336352
740640
550184
1288808
456816
939384
1087032
870208
664624
472328
586680
590672
912432
1054784
528344
802168
662064
1229104
797488
979408
686520
550976
512464
763720
807896
714424
930344
970952
553552
927528
736184
441240
901888
1066168
1092360
1103352
601976
533160
728136
940864
1059456
1806056
1547192
520512
1351648
1071960
1013352
562672
683304
1123720
1043704
1279320
924752
662752
2093584
1608400
1195960
1264744
2411168
811128
1042072
3348440
1884576
6797232
1468384
867480
1078160
2464880
7202816
6903616
2329544
878632
2085784
2153088
2040224
2882264
1938552
5013104
5219696
2788720
8782464
9296216
13721560
14808728
7188928
5370640
3720968
2589384
2572880
7236976
7916056
1300448
3892304
1251784
1834944
1393240
1314632
2033192
1238664
2130232
2897960
1741584
755448
4760736
2376672
2293080
3231360
5866752
3543000
1258552
2087848
5600424
1722304
2375888
2369160
3266488
2282648
2373584
5835960
4797888
1820160
69775464
2480080
1606968
1737120
1648064
3087576
2973464
1342944
1913904
2543576
863160
1449408
1259352
1070728
1522648
1568880
1368672
2774888
3389080
4896312
1405416
1830528
2107888
2764216
1596224
1263320
1954632
2330768
2680864
4010800
10328896
19991120
19408856
20757888
16219272
3695672
2035392
1716064
2691464
2442280
1526040
2221584
1949256
4573864
3275496
1446768
1142624
2152088
1894072
1888712
1597768
1844024
3060488
2532216
2098056
2818928
2646816
3491488
4545168
2474208
1858216
2203520
1774704
1083488
1936512
3102664
1862584
1768216
1670984
16862280
17745600
25714960
18165000
11263760
2276632
1285680
1843936
1638640
1678584
3411256
2104976
2024336
2170048
2903344
2535288
961096
2435056
1924512
2476024
1860640
4497360
2550352
2551448
2885424
2953048
3719088
2430488
2781728
1962264
1381200
1494200
1585056
1932592
1404680
987184
2086000
1369584
3063144
2017272
2077520
1376120
1864888
1193672
5206752
2130136
2577688
2433896
2479072
4693224
1949368
2752432
1498560
1889344
2324136
2233368
2158584
1210568
1663408
2068552
3031728
1935136
4446808
2396224
4623712
3193376
2021416
1309160
2397936
2018224
1749712
2670376
2508968
5135032
1552640
1308144
4129384
2435728
2090168
1396880
1639912
1882424
1724768
2428328
2147528
1575616
2093648
1351768
1863544
5929512
8714168
2025840
1269056
2441048
2679936
1809792
2383328
2842928
2102200
2457288
1804552
2222672
3569608
2002672
2488592
1935080
2033800
3252472
2870720
1943360
2774688
2059288
1353136
3696480
2544208
3927464
4401144
5479832
8212584
6795512
1792968
878968
2345104
1589872
1771664
5321568
2159736
3851248
6172232
4452848
6726120
3800760
4855816
6418424
3971072
4505640
4191392
4958600
4488792
4968256
5944912
4192264
5050856
6066824
4924232
4575256
4715072
4757960
5615576
5908440
3716632
3579184
10314392
4527688
3757368
3993472
1822136
1678376
2635176
2581792
4508800
2278400
2177168
1049864
1936608
1463016
3973672
2716224
2618880
1720064
2565096
1909936
11883112
4646680
2477816
2200040
10350672
1612920
5218672
42056320
29223680
4554648
4273040
4470272
7831008
6832976
5164016
5918264
5192168
8101384
5036304
5923776
4448608
3653544
3933840
3163136
3777624
4610544
3171152
3402616
4919520
5002368
5326160
3480296
3275656
5243200
3730392
2968704
6138624
3688400
4099136
3101472
3668120
1854120
2318192
2950104
3880960
2806096
3426584
61055424
12392736
2465672
1457720
2589848
5432336
2684672
2595160
5163608
2565032
2348984
2933056
3986592
3191296
2319600
1253512
1948472
5136632
5423424
5825816
3821808
4247848
4197776
5031840
5568720
6558992
4224168
3010000
3854784
1530512
3088800
2116632
3274648
4178992
2906024
2216200
2682216
2522344
2816400
3559392
3339744
2932024
3118744
3896976
1625560
2903648
4692600
2171936
2280728
3678368
703776
1466960
2892160
3048224
3918008
1664432
1667512
3218608
2429944
3681552
6039240
3132888
2645568
2104664
7364704
6849232
6546056
7503992
9763632
2683104
3081840
1417160
4733624
5299632
3314352
4987072
2507056
4336640
3171552
4440040
6669776
2852752
2782312
2309400
2450704
4458248
2179136
3190216
3393712
2293520
2195352
10316192
5644200
2611808
5367008
3291872
4392208
2879216
2434464
2961336
1383936
3420864
2332512
3638160
4868360
2740728
2324240
3118336
2438616
2720408
3515504
4411696
2066224
1809392
1971848
2572432
3644680
2228280
1736520
5908600
4448592
1842704
2575416
2756792
1765720
1475488
1870792
2243056
1378416
1972360
2724984
3858040
2829864
2485888
2365888
2971776
4098408
2763592
1674224
1984656
1692184
2174784
1586272
2006032
3188776
1580984
1374056
1935992
1892816
6272384
2310992
2443440
4339384
3203896
2162440
2418344
3616552
1835272
2578760
2096512
3861872
2047640
2454160
1278232
1581096
1295280
2499208
2499696
2716664
1782016
2857864
5680536
2596328
2020384
2446672
1624448
2201248
1506768
1886328
1229264
1639128
1501536
4692168
1441928
2076232
1494600
2153720
3359776
1705048
2036976
1783320
6817656
2908904
5824040
5796800
2891816
2024280
1789120
1483304
2962128
1306032
1544712
1849032
4114672
3248944
2628760
1833368
2400624
1245504
1620472
4097416
2317224
3218160
2211296
1848064
1321384
1266624
1588288
2408016
1335784
2623400
3781656
2092592
1434624
4571632
1527240
1131232
6538264
5367344
10334168
2442416
11053352
5390704
7076616
4687520
5511232
4216808
1950736
8070952
2308424
3202296
3211960
4595304
3333752
2957992
7919640
4950728
3228520
11012568
2366504
4741264
4762864
1390192
1338376
2042336
7463336
2819624
1772072
8552768
4756448
1405216
2395512
1536240
2387352
7678696
15198832
17376120
15575792
12551128
11283320
2986360
2014576
1820768
1102968
1343392
1749744
1950728
5454576
4495240
1289024
3942096
1227640
1030008
1548960
1057416
1594024
2896680
3808112
1443384
4802712
8156880
7350032
8493520
12020480
6467456
6067376
8042096
4932192
2882072
3328936
2728720
8392336
7936776
14780088
3756760
6678552
3977400
5627704
6067872
5859768
11231760
3146576
3450264
2683800
4618336
3416320
5210680
2262872
5919200
5435808
2565080
2685048
1517488
6706152
2922464
5321912
2177184
3277344
3199448
1467520
2389696
2020024
1455120
5483024
3128624
7872016
2101304
2777224
5609176
4634456
1695936
4456712
2498392
1866736
1612368
2553360
7978744
1700888
1072368
1738208
1972240
3234024
5097528
4848648
19046720
29709432
25649736
1809112
5724768
1490312
2214784
2858344
5491136
2298064
1200024
1941888
1178616
4630200
2888864
2339688
1710632
1554840
2190160
2109120
1464600
1733208
1663824
4238736
1560808
1492368
3011424
2197368
2267728
1299952
4025256
1423288
1618920
3091560
1246736
3103688
2462328
1433432
1486696
1238864
1183960
1485448
1468856
1083544
848080
820720
1529544
1477720
4007464
1361480
3669920
18631976
32414648
22476024
5115984
1747912
1686400
1869440
1849528
3752784
1701528
1246640
1723464
4343752
1956520
2718176
2097368
3491416
2579072
1946496
3013568
677304
1580072
1053872
2736472
5244200
865672
2867360
1382160
7398008
3674448
1932168
3728184
1991392
4958120
1458752
2459848
1699808
2029848
2312064
2860464
6990232
1695744
1596296
3050264
4729088
977936
1480248
7371648
13644232
12411664
11794152
13730592
13466184
12822648
2667968
1793200
2302544
5764448
1632960
841656
1557384
2327848
1583848
1246576
1449880
2223008
5435648
9188128
3731544
737432
1031368
1477824
2552880
826592
1236632
1812976
1554736
1705888
1901000
1832952
1126040
1473968
1126448
951080
1917160
1023504
1102368
2479544
1177672
2020544
4956520
4841480
2465368
8626624
1315888
967672
1466624
1051544
3776384
1331544
3929424
2270064
3000136
1581760
1027280
1250104
907304
561640
774040
3846904
1217152
884576
1232008
637704
2286656
935392
1206184
2867832
1091776
2717768
1628200
4075456
1632136
3057560
2008000
3704160
2324352
5880360
4106752
4988568
4596224
792152
2524440
3351760
3580152
4725704
3258488
712040
7613504
3256776
2580072
4539824
2895120
2579288
2944976
899096
4008712
2601544
3012720
8581728
1893248
2865912
2559272
1062392
303336
792680
664392
2169320
7079744
3836944
3922744
2595024
880928
423560
655976
795696
809112
599736
374464
3645904
1026600
872760
476512
661616
1121472
947192
670104
1596344
1319072
989976
742616
982232
885920
604896
1248032
1074184
575384
1157624
847536
805864
262048
620160
1176752
3302704
479952
645080
898336
1237288
702248
1270328
2146072
682032
556264
800472
1016912
632208
2294872
741600
505120
701952
3647384
970416
1055792
802720
334808
1051792
371808
1073248
413040
559368
599736
698952
603368
1263080
5900152
1983208
469344
746336
588976
3027880
452184
840584
212552
949112
733912
1738512
1645736
465808
1124952
549632
505800
436080
516400
283280
437008
747344
501664
474504
311584
865792
565024
390176
390064
244472
249584
467680
225016
385080
238344
437952
352720
373744
637088
671560
279528
215896
480288
214776
204760
456000
193688
248352
192920
362808
708704
179552
239944
393720
333328
561528
1001832
1676016
518696
184880
325528
431904
232640
734800
253232
456648
905752
233616
520768
577280
445064
222512
873232
587216
293288
217840
1496336
1298808
1564688
381272
638120
525256
235784
285616
239352
155408
297272
274488
511048
455560
485376
484408
1349560
245976
280912
178464
168440
370032
338168
191392
673112
682432
334400
458896
195024
241848
459632
240528
835088
206864
214000
265120
159176
674264
49776160
59421128
422064
342832
455224
172872
208400
311776
276752
216112
216416
259944
195552
180656
352320
1124672
248288
195320
298408
847000
488408
319696
364792
585928
438192
314648
530152
320896
174184
159296
269736
171888
298920
249560
266952
288336
383720
147584
461056
172056
491400
253728
322544
247776
385120
500632
391512
440624
428488
719536
596944
450688
362280
447248
3664632
1032344
284704
543408
277240
417696
286672
374184
678224
252160
276952
298112
363040
314808
236832
246416
1912200
223424
476696
350576
345432
649808
386576
789936
340040
224032
279840
300768
1365472
366120
315640
653376
234448
2293544
1217464
192376
324512
224536
345280
425936
201816
3294712
1010496
307808
321936
334112
317144
303976
190400
236840
207768
265232
286600
273448
176864
245336
376488
242888
227080
309520
218296
431440
291576
420672
228752
472832
2313624
1568536
526264
221680
251080
327640
278480
217616
504912
357152
809968
2751304
564552
185592
289344
408896
278320
238528
386088
296152
268496
255752
304912
159008
723760
1770472
412824
3279464
417856
168480
512168
141408
191912
223320
227192
165320
305640
170960
344136
398768
2006656
420976
254088
276960
232016
395480
149968
250120
311624
1535456
658784
212240
263008
268960
547424
335832
301360
514352
808776
467808
460200
1654664
191048
299720
292128
340232
285216
165048
269480
560032
505000
941080
396992
452720
483296
432152
425944
390016
803672
570328
1248040
267480
549864
1060040
328240
167552
419088
446344
2347856
2537056
394008
328672
511248
738336
292368
519936
1224568
421936
330064
372400
187624
193400
315824
567272
389712
1481696
655440
169112
465744
188832
397264
193296
3189512
1367024
436024
549208
558240
644608
416608
3308648
592976
1473768
445624
649536
600160
354936
267472
498704
389600
656168
3545232
370112
451688
420624
411280
412136
699280
361496
1534256
595888
318792
304432
551704
329232
1161992
811792
680184
1812048
858464
315688
827960
454800
624104
1031336
817800
482536
1417952
3435984
1022552
52438128
14306744
665832
4601656
1336904
698272
561488
327248
553896
1471624
759960
963528
886520
607688
545240
3535488
6461320
14825144
9642824
2994656
2135584
5616040
2674776
3179096
2847128
2970536
3347688
3050672
2696224
4686528
6423296
3770992
3452696
3635168
5247496
2863664
980840
434856
1272232
1137568
888856
1461120
2577776
987976
1109096
2226472
3353120
1957976
1299960
772600
832760
934448
3509464
1241240
1499936
2631888
3063648
1227248
1338416
684008
656392
3854504
5466720
4031864
815032
3718776
1130584
903704
1439840
848512
4245872
917824
961408
4676160
2899016
2448056
1579952
1362568
1640968
1211712
1867944
3705520
1918648
1877416
2750600
2941864
14694144
2312440
1239024
1454312
1777816
3009024
3915656
2726912
7746984
2484616
4089432
2458280
3183832
6174896
4237864
6867960
6987808
6548664
1343192
1526576
1701456
6550056
2501784
2733072
4919792
4817992
7202168
5240512
2269016
1665024
4149744
7534968
5081968
2870200
2075768
2052160
3593640
1656328
24849112
46608296
2488968
1301352
4961368
2463640
2070824
1862584
11508048
12949728
10679032
10868616
13206144
13367736
17254968
6642704
1766872
7262432
2021432
2082560
1725632
2321704
4469608
3023488
2675136
3284776
1402480
3057512
2361320
2285808
1065248
1656416
4984464
6033768
5656992
2154976
1977560
2112552
5007536
7869200
2024288
5039856
4751688
2065496
2127416
5544832
7369288
4595464
4562728
3702760
1637704
3614048
2753496
3929344
2690624
5174784
4682312
5920152
1707104
1971776
5446552
7400920
2863872
1437472
5945096
2682160
2121016
1778352
6012592
2719480
1496256
2337376
2800920
3143968
2603736
1860704
2447992
5220720
7887344
7862440
5674640
3319144
8059976
4631480
1343568
4739592
1764696
5804416
3404784
1748088
1671648
5443224
12082848
5217768
2248416
4373056
3219840
5103568
2989400
2580312
5884256
5362192
1746328
2272160
1986184
2935488
2261696
1874304
3908720
4606416
2026736
3691056
3394592
4779064
2551816
2823680
1983104
2401168
1824920
4617352
1948976
1591176
3569120
3404768
3161880
5595848
3373632
8145016
5661408
3281000
1860864
5446784
2693104
1713016
2153416
5262176
5350640
1821568
2004176
4674896
1941240
2515976
4281024
2205984
1745760
3643384
2473688
3120600
4392104
2425256
3823816
4828680
2053600
3969904
2991048
3692232
7405168
3928680
2420936
1826488
1442792
4846488
2057344
1619080
1584352
2133184
1164736
1536608
1863432
1758728
3476088
1547048
1357744
1856232
4254592
5584200
1760672
2090944
1512184
1683512
4137024
1708768
1750224
5630312
1770008
1702312
1096608
1952840
2083080
2792288
1744280
1501416
4234024
2298544
2409488
4679456
1933736
4693600
5170688
2176952
2081096
1666808
2013040
3151896
5141256
5145464
1801232
2853704
4135312
3675504
1670976
1346200
4476968
4543664
3004824
2628712
2491816
3459616
3013568
2482472
3247296
4171888
2223184
2613416
5229248
2256984
4240464
2192888
6502368
2935336
4532912
6833424
2320360
1994024
4228904
2382232
4194864
3794584
1333400
5040320
2229728
1893720
4383632
3404032
1264520
1715544
3499352
1868952
3157136
6278440
2747304
2345680
4903088
2954808
5311736
3414200
3676408
5964712
4038696
4657168
5371248
2958640
18819568
46844936
20836256
3092800
5608176
2909080
2683856
4210136
2536600
3510312
6395968
3716576
2454704
2095144
3771696
2650048
2972672
2179320
3187072
3140072
3457120
2163800
3005992
1858056
2485976
2073128
2363776
5725696
1495560
7001880
2658456
1813016
4095208
4551568
3368376
7165968
3884072
1840376
2236136
2400504
4691800
2318784
1761080
1893448
1625672
2112920
1969168
3679136
2331760
1832352
2133352
5287464
2009520
2943392
4994792
3452016
3316416
2523472
5509512
1632896
4612472
1437696
4841768
9019312
6698432
9921696
49637976
32555152
26281880
16687152
1839576
2157328
1954400
2773520
2393256
1881272
1447168
2132944
2490240
1894040
2943488
3427936
1820216
2079936
2303184
5281632
4407896
3196496
5086152
1863480
2242816
2546128
1650784
1824000
4046744
3357704
3714936
2904152
2978120
2417872
3889984
4049448
5097888
6497792
2274472
3636984
2997440
4990992
2647024
5446984
3275216
2793424
9902224
2531528
2168936
2292800
20816720
7927344
2690992
