183792
425104
137088
129064
200664
239432
140136
135616
207880
138264
187928
157152
197128
147888
240312
263344
189176
205320
259856
167240
175096
216040
203856
179624
130936
116768
118120
124896
149896
253968
164568
195736
235760
147248
93688
124912
175232
137792
135648
144592
141568
102776
179144
189968
163608
131632
157256
118912
313944
574408
395040
551368
299696
254208
297864
118440
90864
150984
94152
243280
127256
219592
163560
159976
165616
161024
212320
139136
111624
166552
185656
136112
188792
179000
130280
137760
144696
168696
147952
135640
116512
150776
331120
192784
233072
142728
138560
123392
260616
123232
216064
143232
152120
134080
98808
189632
150704
175144
178544
234312
149944
205048
170352
209856
138776
121576
149664
213720
138192
184272
190912
164496
163056
202384
134776
406016
1063304
551232
157200
126496
280056
251632
288096
219488
181376
238216
141280
197584
120320
140968
309160
222712
116192
217696
105584
88712
163360
163200
95280
123416
169752
113368
164624
229120
140888
145664
124400
147392
226808
236872
155960
224376
159744
230904
138952
243184
161576
144296
139832
191056
139344
175496
166600
165424
129472
167656
179224
213528
82240
122424
194504
186008
139176
143600
195160
182368
191800
157640
115208
133624
111576
208544
227248
98192
176104
153712
117160
220144
105672
134480
130608
145264
158056
69808
109104
111104
177448
136792
76600
175528
116928
134960
125896
137856
165264
187400
115536
104488
108312
103080
118536
155632
95424
78760
135936
187904
110256
122656
250288
78104
89760
157728
147360
208064
170744
115136
161960
138064
189024
156312
162328
274392
196192
148840
191552
110144
157920
205432
172344
117552
242976
198256
186864
253456
214320
119736
87016
179824
326344
117792
204592
268376
481296
178248
224384
124408
214048
184416
107368
130024
228712
146168
135488
114792
142000
182464
191040
182632
222912
244448
213440
177688
132336
129080
186056
148000
127824
116824
210784
208600
112080
174608
250720
134296
151824
131944
169688
337720
218032
98568
160328
333984
317824
204232
197592
97296
190488
226888
178184
255088
316840
310224
216440
155960
141032
103696
155808
168520
140544
91488
148056
260000
148088
130840
141680
239520
83248
156832
265352
171680
127440
152200
180056
152512
213760
123872
154264
162120
168176
126224
154544
215736
204480
277840
216224
114184
136136
196936
161016
136176
243200
178664
187416
117776
149216
212768
178984
207680
105824
97416
112976
150624
230960
113600
137808
139032
102504
214072
128104
136032
145864
137344
234928
122080
201944
388888
249352
269344
272608
218104
288664
308024
139192
137608
146088
224688
103792
128224
862464
646264
76672
186752
153352
129888
148360
191200
231656
145920
101120
172192
176096
268264
152416
235968
156632
129016
242320
94280
141016
119320
202616
350368
310968
240920
234504
165688
141904
98664
184096
177784
252120
160368
168664
142880
96344
105016
101464
354128
188912
211704
111120
118680
161488
144600
56528
106592
95592
99520
106288
113560
188168
60320
73728
146648
46016
92608
82440
83984
150560
56384
73984
184904
161200
49736
38768
122936
80192
112560
122152
95432
81224
117360
78912
64128
79064
75624
100640
133880
165312
81712
51376
128000
109696
73904
75648
88720
29000
92632
142824
136360
163200
140368
129752
235440
160704
91608
125808
125392
96120
112576
92376
83008
163520
69904
111464
164728
265128
153776
116072
51208
37896
65968
78816
60840
76960
38344
28896
40592
47144
86032
117696
63816
85968
236968
68120
97824
53720
34632
61360
62184
28888
52552
41720
26720
35376
59384
47904
53456
62904
28376
31336
27224
28816
42328
89880
32704
88656
28568
44000
39472
30696
32432
111800
38328
31976
32152
26128
30144
37192
57416
34696
30984
66696
94000
35512
53520
39280
35768
39704
58944
113688
19024
28992
25584
40400
17520
32248
51136
36896
47112
32896
23896
26144
30336
21768
32208
72672
43088
27056
54600
43728
29520
25312
64024
74056
31840
38376
18648
21800
40320
26016
37536
76752
50464
38272
25280
29792
23712
25920
24504
31736
65832
56024
42344
24848
18576
27000
20712
19920
21952
15392
43272
40928
25016
45112
31600
32464
32592
41608
18424
20744
18832
43080
70312
28288
24496
14192
23504
17056
20104
15776
19368
73536
35808
18952
16024
18328
15968
16976
20336
12072
14176
40504
15904
29176
61856
28936
50984
52976
15688
18584
31808
21496
25872
32168
24120
19520
25440
24096
17248
30936
138504
69472
27872
23712
20448
20232
19840
38024
22136
33368
67504
57072
27160
19024
25392
22088
41624
18232
32552
18232
18536
34784
29648
16576
21872
23920
20880
18496
16720
15744
18368
32048
31136
23168
23448
54792
130232
17720
23336
31408
14272
29072
21872
25296
58160
21240
34200
26448
34456
39120
30160
22872
19672
24072
42640
25152
45136
32640
23480
38320
20920
64648
17496
17568
24512
30520
23616
21896
25384
45592
34184
32744
29416
25216
33304
20208
46488
137048
40528
25736
27664
37416
47888
38472
31448
27704
42944
28992
26400
21168
18264
38352
14696
29896
14376
27824
20408
20744
19512
17568
16976
24640
14008
16080
21256
24992
24944
25600
36312
22232
30024
37904
41120
22320
16392
16512
52648
23512
16312
14640
16424
23720
16792
15680
22984
15112
14256
24280
25600
28008
1070840
1152648
35072
13520
27232
20176
17928
41232
23288
24112
31264
17488
35144
24120
36304
38504
18808
16032
23976
25376
28024
28040
22328
63168
36576
30584
39376
41064
26728
18808
14336
33536
15824
22760
35744
33504
27200
56312
50560
86352
18024
30856
47152
35352
21616
23512
42656
42680
15880
50184
30448
22008
27136
17600
31800
22896
14088
26560
55928
44392
38360
28016
31080
18168
16408
47688
29664
15216
23344
17288
26440
29408
17040
33800
16696
22416
49192
42616
34232
28136
30024
19320
22984
14864
26984
21544
20056
22048
19640
31464
44168
29080
28712
28640
61624
44640
21728
36144
26968
41040
44464
61112
25136
47280
120768
57312
74712
21936
116856
32760
109496
49248
85728
60568
160784
137336
82280
68080
81256
56848
73416
48192
92392
24240
122288
21704
78760
86528
100328
133088
88144
77432
39416
103000
54944
94376
65272
52984
30944
158912
96032
78048
97496
78616
103224
37784
107048
132968
82320
24096
116072
102208
95232
67120
133664
67632
93384
69968
49664
121864
89432
113560
97064
64448
95256
102968
41504
81248
77704
70408
81048
52416
58080
58752
60960
82808
31216
67664
127296
148760
156568
273208
104488
66368
67296
18768
55168
138232
150648
115688
280392
250560
113672
123712
65520
105288
112600
147888
137896
211632
235488
261040
33544
115984
165864
181376
203160
216768
50680
154584
206696
185656
242008
157152
185416
97408
170728
63840
146864
88712
89312
74912
151752
70272
53472
133672
57120
82440
74160
88488
117928
67696
37992
57032
107056
67920
77480
105728
135896
178744
118464
114688
80384
62504
76608
74744
180960
126424
197480
150416
122560
82456
99088
61824
78184
96072
59992
72392
77144
76464
103552
75688
122280
96672
98392
104832
49072
78320
100520
80048
81976
111872
157976
237456
102840
78888
91928
111600
169672
90376
94520
82472
219392
130928
113424
108552
340544
365864
355928
357040
356120
414976
239672
75408
62776
156688
144896
128024
100352
208352
119440
125728
103096
122648
143312
99536
261480
106144
125768
82320
146496
267680
83112
124048
53544
132360
132344
84656
101176
71592
158832
101128
118408
183136
105328
140592
118272
180800
109024
77024
102176
199920
101464
127176
110552
109848
213320
703272
1153576
753584
158584
114472
144000
59808
85864
77240
68304
67568
105584
93032
85984
89560
89984
113768
154352
191808
71104
174928
97272
96952
135728
110544
160920
111680
176320
96760
102920
183944
115496
108512
94856
154480
149048
90008
123096
113720
177088
187872
109400
113816
109784
136224
139424
169320
133336
118536
259608
118576
398232
431128
329192
215544
230400
214344
171664
144552
97168
110392
234248
213352
121776
147464
177512
235840
117680
157376
267104
170448
137976
288160
233904
196120
97984
131144
103600
86488
149272
165584
149136
235408
128680
290808
122096
149584
151288
207272
231328
172624
176280
180616
169616
184928
158264
176472
333272
229640
259160
262328
204144
197384
206736
372296
261216
342304
152320
167760
127064
171496
271040
228872
275376
303064
280304
215968
311728
194856
124984
158736
111792
105336
107208
101608
89336
84840
148912
58304
172112
209336
147816
135320
109376
72744
101040
112352
97368
282744
258152
332304
353792
328416
279536
145976
124528
127432
91600
187680
312160
120008
163504
251584
105464
113656
101744
130696
285680
158440
305336
136032
136016
290664
149488
204952
165776
128064
135960
201352
273768
136144
140816
175144
193240
302704
246808
343976
137304
346032
185000
315904
84848
98416
203440
124200
131160
177016
114472
107288
116496
130848
77360
101848
142704
102264
165008
172264
204944
101296
93080
119792
121192
148520
179208
158624
117152
96904
80160
180368
113000
108840
103344
153048
251928
218792
180720
271736
108648
141056
104808
165112
131200
114816
137208
103352
181136
134680
138088
135072
97752
99032
131312
144552
145096
143496
116352
187712
147584
105896
187848
132880
140616
102552
140712
107288
130992
105288
169616
104992
184632
133848
182048
134448
161952
179240
184536
149512
175744
187784
171040
170592
112672
113680
164160
176712
111472
115880
98152
135360
116880
159432
229016
164208
233128
204168
196768
241792
212008
121256
98168
107184
145568
91896
142032
200384
286280
174408
196608
308128
167904
140872
193672
192536
209232
105096
112536
228416
162272
204344
153944
174472
162336
153008
260856
221544
112560
212880
128688
171392
149256
176824
200568
197592
209688
272384
195936
182592
160624
126280
198128
183616
118256
234264
280248
160968
186392
120920
293488
191984
158776
224272
152248
205408
222184
237496
258576
110104
168856
139504
258856
342712
214344
188264
321752
146736
159488
139112
241488
190712
153592
204136
130584
120864
147608
223288
174480
136856
63808
197192
172240
142104
210264
168184
142992
151832
147168
164424
134384
189560
205856
178800
175976
93800
166048
214304
170464
162968
141328
94768
193992
136656
154920
176240
214904
241576
210456
148248
139568
232064
183064
268640
166848
76104
160480
201248
157128
152032
118288
143832
186528
128216
145272
241000
170904
140784
133128
187152
995800
215576
138608
159720
150504
117024
85824
194016
150560
165688
157184
226712
147080
221832
221096
166224
194160
270728
197232
287216
148784
145032
191216
169872
172928
175064
203688
197296
260768
230592
307232
237448
267240
227464
322776
286096
173992
310496
206600
550144
929312
160672
83936
241792
157016
135416
109960
194216
121200
164896
107296
164176
173528
150704
117904
116128
98952
128288
142032
137064
121912
144960
104920
103304
142896
171240
150608
323408
133176
110832
206208
203768
174944
173584
196080
190872
224912
210040
155880
182736
174672
181576
237688
207424
144112
147768
138104
191392
155776
219008
178368
255656
154328
138904
194848
82576
142736
145992
67784
107880
231056
244584
234080
163656
108936
200208
175424
115016
99256
149824
135832
170248
173192
127120
109784
160096
138472
195160
147216
119936
142160
140704
159840
192848
95936
154752
165064
86704
97576
316616
225664
127816
78088
148808
92544
117512
164440
86104
125448
130152
109552
123440
167888
190440
100424
99272
155928
138616
175544
106768
121256
144448
126472
150408
166752
179008
224664
199944
133152
150336
140696
98056
102928
140232
112200
170312
135856
115160
104656
101792
192864
153424
166096
135336
168136
244088
98232
217816
83552
151440
153096
201272
114648
118104
199688
156856
187872
125280
108536
65240
125576
163160
185312
120392
124208
175984
194816
180192
189232
150544
156800
144376
172832
74712
154992
188768
141520
114816
158576
143944
143768
90648
84176
97936
128888
263848
399064
527632
450808
434216
99328
154744
120064
202672
115792
93296
129656
154368
102000
141216
224584
125760
142248
161088
149560
144120
139880
151456
99608
118560
111608
167368
88376
97064
117352
195552
142264
116240
87368
129864
128648
108872
116752
136728
379064
488824
420216
511000
336880
183432
140288
115864
126408
94304
90560
98552
185976
119032
118024
171856
166224
154344
104176
115584
112304
65696
100864
143328
59048
119144
131552
113160
189104
140448
120520
114288
133784
152456
2666512
140976
133040
262320
156928
170816
166560
161304
135008
120472
213328
147712
86744
205152
254464
175864
133992
146344
178296
44240
107424
136816
160160
71688
132808
79144
107400
115880
74032
149824
83184
244000
274456
122536
105568
186824
133960
195840
316808
273560
221048
207120
173280
178984
182736
103304
108744
85256
119136
100160
76560
113864
172048
263376
143120
86872
67672
87424
137736
150008
115984
91208
63280
93544
92880
79920
80384
117184
73200
73592
81504
79016
79528
49536
43736
65048
62552
101408
29488
81408
58888
76360
57784
63648
33576
50800
61944
91496
78504
83600
31360
50096
52024
35120
79488
67336
44432
60664
70488
32904
47800
46232
71248
37800
97120
39552
66136
33008
63960
45768
68064
39200
39944
50528
51200
81976
62216
29208
81304
40456
51808
38376
27984
72240
63352
57528
35584
23040
35680
43336
25056
47952
41968
24576
31192
38216
34736
74440
47472
60480
65360
46088
58144
83464
53000
39160
42488
43208
54616
20496
61352
49504
55432
99912
19032
26400
25664
32072
44984
37984
36328
14888
24904
26632
30992
34520
60256
40304
43544
65952
48176
25376
26832
15208
36856
45120
47160
14920
44408
52248
43408
47312
59984
17048
24576
43008
54480
30840
58904
35416
68296
11632
33632
14736
30480
32688
23984
80184
19000
20736
37144
25984
48960
52936
31264
36320
17424
22536
29656
47512
43696
37264
15808
31744
30000
44040
21720
33808
27416
40544
21936
23144
21456
29736
43312
51056
22136
23096
26128
23464
48680
28560
36048
16568
11056
16280
20736
32616
35664
34448
42360
41968
15408
12800
32896
16312
16408
13224
34584
21192
49448
30776
28104
14096
22312
16096
10376
13984
14040
21976
16912
17320
23312
47744
31376
25752
14536
35296
18648
21784
15456
17464
17120
23968
15512
89664
23032
26224
22384
18416
14088
95960
39984
27600
18896
34744
32288
22256
14464
40672
21672
33024
14976
22936
45512
22456
27584
15904
15248
35352
71760
18176
27776
11784
23520
25512
16704
20672
39600
27592
30056
39456
17960
12600
23704
23016
21360
49688
35352
20592
19088
20280
15416
16704
21032
17928
12968
16520
24640
25376
12664
55240
36536
22672
17832
23504
17248
10968
14776
45432
13808
30656
48856
16392
37464
21392
12888
14552
26352
37560
13024
16152
22576
20384
12760
16680
15680
32920
11480
19880
13856
16456
14896
46840
27536
15608
13144
21616
29320
28968
33256
29608
29136
19512
18208
15088
13656
15616
23552
24176
16400
20352
28120
17184
25472
30672
18432
17000
25840
24872
22840
30648
27440
20064
39584
21352
32216
18352
22536
30272
28600
19104
23576
32552
35768
16568
26056
31000
1232688
1140120
97960
19824
21384
23016
25552
28496
43768
16880
23536
22208
22312
15440
22480
21056
18552
13984
19048
27368
17992
33192
16912
27632
14016
24528
16320
22832
32144
49992
45360
52504
35072
39576
46600
45472
14400
61584
35360
31296
51816
53472
85208
19504
13160
31216
22232
28496
57192
26000
31128
55936
34456
26976
39408
33328
34840
20840
13472
42128
25856
49304
30128
24224
27952
22984
30488
21888
15848
24400
33416
61688
20024
22288
25312
29880
19152
31360
42000
45256
30256
34792
27080
19800
38960
27272
24256
54640
15096
27088
25040
36632
42192
59128
16648
19544
27888
24408
43264
29104
46384
38280
32192
56104
26848
30528
32216
17464
41808
40712
44848
31760
43768
61648
64632
36872
70040
29680
50280
18432
47776
35008
26728
34712
23216
50176
63800
41448
58792
38704
27592
46288
32040
33400
28600
50104
46264
19480
59024
33608
64728
110280
68864
57680
33936
53152
33624
51016
43096
38312
22440
33280
45200
44480
26120
40056
42432
31776
145152
63344
37864
68624
18992
41600
39536
31424
66880
52728
104152
105184
216560
64008
52856
44960
107176
47248
39072
97824
30112
35448
36424
72464
51600
90152
295472
395368
414840
444008
471464
402336
270176
112928
58720
89112
58344
35216
39976
64072
35704
60568
82568
56768
64504
61344
68776
94448
45272
47264
58768
57880
67896
65568
45904
67480
43376
39944
106160
58960
40024
68320
66392
83656
58432
90680
59416
55592
46736
57448
115744
64368
70744
77536
88368
87648
112368
105792
65168
77672
40856
43736
80400
89136
64096
93064
71296
118232
30064
71448
86000
70264
67640
123032
372680
266008
99128
91104
134520
82200
82480
81312
97072
94320
88128
147464
98760
104152
126240
71912
80800
106872
76088
106744
117448
123560
85408
59768
76752
106944
113312
83048
138624
116448
99080
87600
140640
111400
111424
92976
68584
56592
66512
108784
99608
85416
71168
65680
90328
85592
73152
73584
115888
78344
41576
172856
162688
127240
210632
172576
209168
78080
82488
124160
151304
118008
108936
229344
87216
66328
100968
50168
155776
114168
149720
93360
94240
131760
55488
56568
68128
54760
91800
106776
65528
61272
62368
35960
79264
119128
74824
98888
170096
134608
96688
89072
109544
131864
119352
180976
82032
98464
105768
67256
101688
53112
109304
71248
149848
68216
76680
99632
86032
108624
104728
133688
81776
137728
106536
119816
106680
117848
162584
132296
77488
83272
69024
130912
94432
158496
67600
149248
89336
127496
127840
88680
55816
139976
122232
139880
261000
361592
480048
134456
116568
65824
105328
155008
112080
126840
89352
109824
167048
121120
147792
114664
55232
103472
90144
71640
100856
157056
73352
102752
116256
120176
127848
60088
57200
51720
43648
64144
112312
80264
182792
88736
141840
81208
71224
91120
94584
76736
51320
94144
184568
99408
107400
79336
87488
117440
108384
171992
99920
80488
115272
108328
82608
100184
273584
473456
408616
78496
112104
104120
105056
123848
70360
113480
106008
85232
118024
68528
73848
98680
82600
46824
84616
315336
248000
314816
276672
206240
317200
381264
211880
109176
133704
60184
43440
95664
79000
104232
67680
70496
82104
37824
100584
118248
98720
59912
69736
103160
80936
88040
71680
71400
95424
75504
141328
65136
87400
119944
102416
92536
68880
131248
106560
95824
76776
131632
108488
74896
77280
114152
126704
101672
91328
128544
149912
112464
176032
110496
119480
114384
78264
159152
92160
74624
98792
472904
423512
472752
424128
140752
91800
130680
134544
75360
66376
129784
195224
131256
247712
89248
83528
99008
111560
109088
101040
140640
98768
134008
127592
121048
139864
192856
139160
143408
176288
94144
135904
155144
106888
139752
154472
144216
110064
78168
174800
120456
167792
155776
167680
167224
129424
91920
64912
167200
210032
109928
127088
223480
139000
188328
90680
198272
173680
136320
122352
223312
157440
93920
135336
178576
226320
300632
255760
97944
153648
133456
216120
210208
135744
192904
123712
147072
191104
109248
102928
116032
198488
249176
221224
250456
159840
207536
141448
143848
171128
170072
170872
146848
174496
146936
216264
175312
135624
181144
109416
128912
176888
190664
168032
170464
96160
114512
112560
110264
74064
192384
129536
141544
131624
130544
137112
278864
115248
97832
119880
125984
161496
137768
144080
282848
134320
151608
211464
180504
183792
158896
196592
182664
135792
127352
77416
192536
153496
150592
94384
77088
314104
183608
284624
164680
215616
199192
245832
245784
282504
240024
289320
224448
207536
323824
310104
220024
96008
134944
93624
192304
149384
118576
170112
132264
139584
190384
87520
162952
211096
114176
252808
168928
221688
129576
192968
145352
106328
122960
295928
241880
108136
273328
223472
243352
273936
242856
142648
158208
178608
154336
217616
201256
144672
236928
173392
141224
136072
202792
174040
136232
139352
148760
158448
178024
74736
102304
82448
132048
228352
128600
302448
184232
103048
128992
94016
69824
96240
112160
73984
346496
223784
149408
124768
166008
109168
123296
133408
158288
113384
78360
204256
229024
271856
216024
73128
159936
136536
185120
221280
111496
161088
81048
178696
203952
125840
211192
115928
195872
142136
168808
599816
196032
74056
117744
143864
117328
135688
114568
104288
154512
119336
115032
136936
108016
93056
108768
244136
100256
166360
111824
109320
202248
185376
144776
150984
227296
117200
73488
123896
71536
155336
170000
161968
180296
129920
170504
77064
107136
95816
192768
74640
110576
119680
149080
102720
102752
177200
126424
103736
137568
162168
60288
128376
146064
183728
119816
137560
100752
62952
83328
144344
230328
114592
113504
186872
209344
291776
236408
169936
111888
156640
254112
271344
187424
115792
183976
148888
106464
134272
377208
143208
216832
269416
258624
192840
122032
160712
265168
157232
239712
304640
258160
147984
167808
212008
160816
169624
139328
165120
172320
165416
141960
270240
136704
255368
184232
153720
134784
198168
129464
155224
157456
134696
169912
143760
127024
135880
104064
170608
140584
185712
167576
175704
145848
141336
178224
172600
195056
168464
135496
203824
166328
144344
278224
165832
135488
116400
258208
129880
134232
169424
896816
453016
234456
281208
187896
206632
146696
212456
264344
161360
189152
162560
277456
243904
142296
223480
273056
3222032
229960
248040
226976
212776
182664
196088
166728
123568
433344
198240
130656
131144
165688
121528
252768
183696
266600
248592
178656
256504
143760
155784
106984
147472
211144
3637128
143752
152360
240400
129560
167648
128448
129480
225064
142760
175656
886976
131952
140968
99264
173248
176944
180264
200976
275928
121752
190168
296848
270648
198984
169856
216560
91704
274912
290632
204856
96312
139496
138496
137880
81032
153880
114960
128448
214840
182536
229016
93152
230800
149896
340088
208320
136208
154024
150688
167176
185480
134312
148520
126032
198040
147088
254640
2009368
205696
232896
146952
334536
193400
144536
143080
127792
137816
271232
172320
158800
164696
188376
162576
207176
153000
134760
214400
158376
245480
387496
480712
474488
527784
572816
157840
217864
260632
206696
146824
161768
168136
151392
183472
158552
193392
139744
173016
120256
198104
112744
175504
147096
123888
202600
121320
192944
134104
198032
188792
164672
157072
44384
201168
120088
176744
167168
140224
111728
119120
143600
186992
131128
120528
115296
144888
90024
78536
109576
127720
78680
114568
218848
80680
89896
95408
116424
71496
97152
161896
97568
66976
73728
52792
54224
49664
51744
65544
63040
88632
101712
63024
55880
52720
85432
34824
34784
65736
71968
59696
84168
64544
62064
114888
53592
64360
78272
54488
58064
57904
26184
59672
46360
44936
51344
50856
83288
90168
64696
76040
46720
59784
51400
227784
32352
44248
42224
41768
49920
36024
33400
45152
19824
30232
28224
46576
76016
23712
40528
33224
28720
42816
31648
19888
32440
25800
62680
30184
25184
46920
32576
34576
15112
19424
44480
44872
20712
19432
20016
24376
23248
15904
23248
25112
21200
44264
24808
23352
20568
47416
37992
22016
30240
44352
26392
34112
23240
21800
29960
44152
25952
39664
19872
26264
32488
20704
24512
42520
34240
54456
25408
24520
45648
22776
17952
60072
16984
14536
28408
35672
22792
23048
33504
22080
13472
36280
24112
33056
18416
26992
40720
25480
26568
34776
19648
15656
21392
30064
15280
24200
27992
15304
28920
61512
53680
17760
43984
21928
26448
28584
29176
32176
15792
16376
36296
21120
15704
24344
21056
37368
41944
25848
18936
18304
17808
13976
15240
17352
23680
26472
27880
20152
35944
37976
19760
16176
21752
25352
33392
29232
18704
22736
17080
22008
49528
30712
15768
19016
24880
27432
29008
16760
13784
27752
20856
21440
23744
13128
30544
23528
18664
17288
18272
12360
14696
24960
15576
16960
15528
25384
23904
40696
28320
31472
23480
67960
35920
26064
80496
29704
20080
15688
15440
14736
32096
14688
13216
14336
18712
21096
19168
17536
19888
21304
30264
98384
32408
22056
19144
17592
18768
16000
19016
37728
12968
14696
16736
18160
27344
17544
25680
27936
11432
11344
24608
22488
17848
21560
16776
18568
14728
16432
26248
25448
19864
15712
21160
21248
14768
24552
27376
15648
15832
14560
21312
19600
15344
18008
17056
27416
17832
22680
40016
26560
14352
11456
13040
14392
39384
24664
12264
25392
16576
28224
29872
14328
14240
12496
14168
16480
15336
11160
26880
13536
11648
12488
14368
30216
13856
19120
14776
11536
14264
11992
11464
12704
13904
22888
13688
21720
11016
16144
36120
35240
15312
18096
11152
14400
16104
20968
23232
13232
14488
21616
19088
12080
15152
17120
1422712
796800
15120
12368
23216
16048
16400
19280
27432
28784
20096
23936
13408
19024
14008
11360
27592
17344
14520
13288
29768
41880
15328
28008
30784
21976
23608
39400
22440
27496
19360
28648
19920
28960
18488
29680
27960
23536
13696
21584
32576
23264
22336
44504
38216
23792
20064
17784
20040
23208
43320
30728
38672
17608
32712
14856
23168
16280
18776
47768
36616
36688
33200
39616
21864
16352
14128
57984
23392
24656
48112
12752
13072
18832
42088
15032
20336
16096
12600
27968
21712
40344
69584
33832
25408
40592
16368
52264
19736
32120
42016
27568
23464
20232
45280
41360
51792
11880
10456
21064
26400
30904
21488
17944
20336
24568
32064
14928
39312
31704
29976
31808
30496
30184
57024
29392
15576
43072
32576
66320
56200
24408
28640
36440
18552
32664
88624
85000
96576
33744
31048
61176
18760
55472
84840
70104
28816
125256
68256
17824
31928
40368
43408
42568
41984
42448
42656
32840
40192
31160
88112
50152
28120
62016
243392
259136
185560
280176
69984
94848
72968
86232
49464
45320
22184
66072
45120
65080
64648
28728
59200
69168
139360
62376
70416
61064
66536
39992
71664
43704
33680
69360
65952
74088
38536
107232
52200
41072
213312
97936
118592
98664
50664
66048
74320
84624
42640
63040
62952
44464
105656
138896
89224
57040
51336
70856
86840
45320
32200
55976
54104
64280
48192
51640
33472
44960
38904
63104
46688
57584
79280
63544
52072
74888
23264
26264
47176
91744
30912
61272
77736
76008
69144
57120
56072
73184
74968
60504
101296
73464
53720
58616
104952
37008
59832
64608
59984
36552
115104
41480
64048
76848
88952
89688
103344
51696
82304
82528
90520
54176
104400
132112
53728
88664
54352
76272
87048
126936
96024
73528
62632
52392
115744
81408
67192
54160
79248
59928
73888
84536
82240
95672
91552
75472
56832
146904
79272
108240
142264
83800
78576
72184
63184
56392
108248
148000
110672
57680
62056
80656
104480
96872
73224
112784
80488
69192
61432
108232
132320
101536
100192
285144
420176
116616
68560
70168
93472
111936
96968
179656
190896
186240
174712
150272
163128
176904
189696
161472
193144
206256
188080
186392
166992
181072
157560
162712
168160
128368
136032
116096
112496
161704
192448
117968
103368
97280
109312
122976
116064
175480
148944
174880
132712
526768
515336
138504
118728
56800
70664
41136
90728
84104
56960
58104
41904
69608
113176
36088
130480
104640
96112
73064
49848
67176
118632
110112
161896
104200
123224
106344
78480
79880
80200
59120
70984
82720
312592
340472
297336
228968
239712
337240
769280
94744
139496
130216
111800
130032
56496
40480
107176
51336
66944
75016
68584
70976
92216
61640
59984
73504
136208
106920
73296
78712
68752
49976
74696
78768
49408
98536
72080
94088
73200
67848
81392
102632
80480
79896
76976
53304
84968
126072
98008
94112
99208
42696
49288
74872
42448
115232
76184
56440
36000
28800
54248
138768
67336
66896
33872
79104
130296
49632
55520
60416
54616
46056
56120
55880
47336
63360
112776
99552
92512
77632
59696
73856
137584
113720
131888
90496
143440
122128
72328
92064
85632
168760
99296
66456
85368
106752
61208
105856
151968
57368
76048
64808
75800
87232
35832
42256
46920
62712
35928
99144
54720
392264
650152
585392
126688
66384
106792
106784
92536
85160
42776
94600
66888
76888
52696
82856
112616
86360
70784
50904
28800
98776
52832
48056
49752
59920
114152
54768
112224
61904
34736
55920
58656
77736
73960
59064
55248
109776
68544
37048
41144
46240
80600
52904
48616
79216
42304
187824
190720
64104
84472
51864
70960
240576
80232
77664
84456
125920
128168
131832
83728
64864
87040
123344
71976
86448
85800
89536
93456
70408
91776
74048
79496
59584
64560
90800
104280
89240
103768
55312
64176
53464
125032
116696
78240
118392
121320
139336
136400
51304
119032
76888
80072
157848
51824
60656
68840
73944
93600
102032
41008
59904
41136
65816
157072
86960
63776
85104
70200
74392
68416
77688
150576
54144
41832
202640
129104
100528
69416
93224
72688
111000
45464
92128
57720
133992
114344
61792
47240
68304
28840
53688
58264
58472
92664
86568
76584
99968
80800
55680
73280
80840
47952
91064
63304
55760
120504
114176
90128
80264
42840
69936
98512
47944
65472
42568
53968
49200
72800
45896
76664
71096
49176
60616
67872
90680
91896
63584
24200
17928
83808
67912
98328
121624
66632
59464
45640
84376
57072
76880
130464
60272
47928
61728
56568
56664
73512
113200
48520
73344
54976
109760
59784
41752
33400
33464
83168
93632
50592
36808
94880
68424
55520
68592
67344
74240
90952
79872
101240
45424
67664
25576
59920
76216
59528
76816
82536
75608
62480
113408
100960
72976
41888
70848
73824
38328
653216
709904
54488
109384
84400
48600
58560
91000
51640
46008
53312
76368
82064
77584
38096
107064
68744
104024
72528
58688
58896
100096
92432
69936
99272
83032
37912
45488
62272
89096
42464
77400
54360
109528
46408
119352
52960
77312
74632
116472
47888
55240
74984
57456
55128
56928
123384
56416
72240
54672
46328
80904
52680
46728
57920
88704
42232
44064
41992
82184
102552
163280
88904
51200
34888
79176
38568
56264
74176
144776
129864
161408
156584
93912
94576
88416
65760
105560
101704
111568
85568
108368
73008
52400
63088
34304
63256
100280
78168
73160
127256
128488
80936
139736
65752
118360
81568
58576
79112
46352
42856
39296
27720
64648
52096
37456
53720
98848
70048
42616
43064
105504
25512
51056
87760
84904
97464
35384
65392
47384
40616
68024
98200
42808
81784
71488
32320
79312
97168
90216
28656
64040
23448
59216
94640
37608
59328
46656
67608
36000
97296
63296
84808
56736
32864
99720
85792
113592
74128
76672
76632
54232
53728
33152
42520
39936
116160
54408
68680
75680
59456
91888
73528
24128
50992
51368
61712
83776
64528
45512
54872
54496
55888
55912
69008
70104
66656
64560
73720
39808
63912
87024
41968
90736
43632
137624
59840
49824
42264
22088
92904
48576
90080
100864
61728
71112
35920
78616
88192
76704
88728
76408
40840
58608
43440
45160
67400
95384
50224
106128
49992
128000
62328
58312
66128
78344
58632
56144
91376
79248
69272
86384
52240
121664
51808
32736
42376
63968
115960
60848
51632
90160
68992
37408
75272
50408
144472
51600
38616
23224
55072
51904
27872
42080
56280
65800
144584
143264
79392
86888
98976
48080
84536
60280
96840
39200
55992
92992
140768
27600
82672
97904
66224
39248
44288
30328
22560
55328
19328
70560
38360
83752
61424
107912
42744
54416
82464
29840
54168
40840
27792
89312
75824
61568
81200
36560
90640
36168
61952
37784
81000
66720
44208
43888
54976
71224
59072
80112
49680
58432
78248
49232
44824
121640
33488
44336
27688
40808
57160
57768
50792
56512
127728
94928
99304
92528
79864
32856
89096
86888
59360
72584
82272
67776
95048
109416
96648
52488
93800
31352
74640
95672
66944
59280
50072
41040
30864
60728
64336
69768
60576
96208
70176
44760
57640
28304
59896
49144
57400
18264
64904
73776
22184
41128
60808
54232
38296
52240
42328
62984
24104
84824
26168
23424
24720
76560
89976
68032
23872
21448
45728
40328
21368
22496
47696
30384
35520
41512
40648
27680
22320
46920
40256
48040
39856
32160
32336
39200
32072
36152
12504
49320
19512
45040
34336
32752
40000
13848
59328
37256
41024
57368
44984
32944
53528
35392
27920
37904
28704
42512
63536
37824
32336
35960
20072
10248
10160
15680
39072
30304
18808
13176
19128
25920
32344
45448
11632
39480
18424
16344
24896
42776
33104
45536
58168
35744
28432
58112
63048
28272
23968
26904
36824
25712
31864
15968
16312
22496
18208
13656
34152
51160
33536
17832
21072
22912
19432
17080
21200
21616
20032
42360
126192
32144
19424
19088
14560
20296
31832
16968
34592
18888
14896
24960
25776
20440
17976
37944
26440
18368
18256
11736
25032
22792
40528
25344
12096
21184
12544
11128
10864
30120
27544
21080
31504
9880
12840
28384
15920
20048
19624
41776
14472
14096
16272
14976
21256
39296
13064
11248
15960
24072
23072
52792
28816
31864
47296
39112
11488
11560
32168
23360
12264
13328
20680
12664
13048
20272
15896
19656
11912
17728
13056
17240
13592
31520
10888
15368
11256
14128
23848
29208
37712
25224
13624
33840
11608
19472
14864
12632
19104
33200
16136
15488
41176
10992
33112
19168
10856
24568
13424
30440
15224
19184
13880
13776
14064
24968
25840
30464
10976
19448
12784
11392
14880
16832
25672
19712
20616
21208
26328
40584
13024
16752
345096
745136
10368
19608
21128
22280
18352
18472
23616
29896
22736
24888
13928
16288
16776
28944
20024
31160
17008
47864
11480
23224
13752
20184
17304
21816
17312
29776
16664
23112
14832
16032
14176
16088
32688
27080
17672
36912
19752
15792
14560
14360
13016
14656
15000
21360
19944
14296
14456
12208
14176
18592
17080
31496
20608
13224
29072
16160
20480
13576
13352
19392
52624
12440
19688
26384
36176
20680
16496
19752
12688
22968
24496
13904
11592
59624
73080
57416
19840
9472
8856
10520
61864
10488
10800
14960
59296
16040
11536
12416
20552
16816
29680
12936
13440
74432
40472
17536
12584
17320
34440
14792
11856
13208
15416
65968
16136
15712
23072
16296
22512
21912
12944
14552
21568
13224
16184
29000
11928
11136
11944
22096
16176
12632
38752
9776
13592
26504
30664
19304
32352
11752
22280
58448
15000
19200
1105072
1072040
12280
17440
23216
11000
45136
12952
17712
10784
12976
34112
18352
14912
17768
25568
13192
29624
14856
18896
21504
17720
12328
16056
11136
18128
10856
21968
17840
11072
15128
19112
44376
25712
12224
10104
9728
16744
11312
17688
31528
51096
13472
13368
20088
23864
27368
12408
21056
32296
35288
22344
30536
35232
29016
15672
12488
18096
10136
25496
14080
28368
30240
18296
24376
17224
17112
19448
16896
31384
25608
31856
15536
80512
33656
33832
34640
25192
22520
34480
46952
32624
55864
41992
41384
27040
27368
17264
18776
29608
30400
22296
44360
35864
12000
16056
17080
55480
40880
38416
19672
56008
16520
32472
13584
14744
18160
24568
24096
40976
79264
37632
46064
45736
33944
35376
27312
40920
17888
16392
48928
17304
30224
21816
30952
11464
14544
12104
11960
45848
35408
30392
26344
20736
40704
43832
39912
30456
38160
21248
34656
24576
50576
28808
50176
23096
32464
39800
30080
57816
53264
45024
44808
53824
25576
31776
13560
94912
61056
43696
83384
61984
52968
41496
109960
27384
21024
63360
50736
25968
35384
54200
70576
34392
47512
98376
66464
76928
50816
47088
79528
19592
57824
57520
36520
48768
98504
58664
82240
49896
180912
1133528
100968
46824
47952
63032
98856
44096
41768
91312
71144
49760
53592
57160
49480
102840
18976
58232
58528
72144
47152
68688
51456
61464
62216
35856
56296
32840
61088
49960
58176
41688
24912
62232
38000
88384
103816
51416
28960
75232
28024
64872
69592
57720
126768
55168
157848
62488
61600
49984
66400
49736
51520
98280
56992
86248
107472
50656
156848
207144
224192
227200
225320
275192
280248
235240
121144
81936
72448
97536
71936
180632
123208
96624
193024
225280
147320
93632
93424
118912
132464
208328
95864
110392
127584
133600
90488
101328
92320
44464
72248
55800
49072
50600
125528
45976
48288
32984
39296
62496
57592
100768
94440
53264
25456
74200
32144
45064
53336
51976
67008
103272
54192
35792
86344
56024
63344
47560
73592
79176
67528
150936
124720
31936
57840
66432
55000
69464
89664
45816
73952
54536
71000
50064
96416
48320
66264
46344
117712
62720
80728
85352
131600
66280
80072
80208
40000
85704
48520
75840
90960
140024
73544
55720
96848
35040
45256
115200
49672
47648
59656
94112
707944
763048
915728
141424
75280
116288
47128
258872
680560
734376
63976
64592
80848
85040
82224
72952
165976
57376
66240
125464
130376
96072
77424
69320
72944
82744
78120
99808
43080
79200
57432
59448
42320
53568
30512
186344
73120
62000
68288
60608
41936
25464
52584
28320
92728
91760
98160
49856
65656
77856
65992
85304
71080
48712
125344
38768
63960
74344
70112
124024
74448
86576
68168
84216
87880
67832
80720
71176
59968
76520
48104
54288
38216
54512
80640
54352
76832
49016
48808
57280
41864
58720
61320
67464
24928
60800
76232
41200
45080
82504
115536
72448
71488
70976
32416
75904
44208
48864
73776
72200
50576
109592
206456
73752
40672
29760
33320
71600
65304
102520
67496
68536
61736
159288
567464
432392
68712
60360
103312
64952
78512
72432
81480
94920
65136
105840
64464
70032
51448
93800
85816
82304
131272
53232
75984
51008
51136
66568
64752
53016
30528
46488
32096
47152
56792
50960
71112
52408
62856
79264
95896
79584
80696
114512
76464
96576
61184
27792
54552
61960
45024
111512
106000
97368
76600
66928
86744
44288
103072
84280
31152
43424
64376
70800
40792
27416
45288
83216
101392
148600
49144
36488
72768
43944
138808
58128
89584
35744
140296
78464
39992
83000
71728
53344
68208
16912
58776
123712
97432
71048
25480
53024
36536
46328
33080
60160
31328
40808
66704
59144
148432
101712
27152
37552
56960
49200
58824
152784
76160
40208
53976
113760
57712
54864
25952
41240
40720
38488
91608
114176
75248
109456
76696
72856
195096
48568
40864
101304
65456
75584
43440
79952
34592
92072
46656
32552
53832
40576
57032
60488
51792
19032
48560
55160
74800
49968
45192
74040
59176
84920
37040
46784
26680
56728
50280
35104
51088
53240
40400
58808
54776
57144
79560
63000
61120
48096
29104
36472
32880
43944
50056
48600
39488
25208
32936
94112
61352
34624
60520
71312
217408
211728
222776
246448
235192
238520
210672
71000
44088
97048
65832
57304
47000
142440
39976
39440
71648
118720
141400
36856
65448
55864
68752
55416
137952
72656
41288
51504
46408
48624
36656
44600
72272
48432
65936
21360
40280
40688
86288
37480
33128
20864
90152
68648
59768
33856
37792
80824
35984
91192
54152
78624
66080
64296
48536
46248
68160
73912
124736
36640
45800
119152
54744
109816
35760
66840
36968
30592
175720
107448
56592
54240
40872
44416
136736
61016
323440
325576
433192
439896
114560
58552
56952
62488
75672
82688
81888
63048
53072
121896
66736
43016
30224
40088
182392
55872
24168
26400
41088
107784
42664
30800
35912
52672
109632
59896
73792
90368
88848
99288
53768
86080
48200
33816
44944
53144
82560
75888
61792
71336
82528
47392
31064
36320
35904
75944
84072
65680
40256
65352
60664
72896
31904
25240
108808
63912
59128
75536
93392
38320
78496
31920
50264
60504
93904
32720
29032
49440
48872
123776
51064
53888
44512
47352
49536
57472
27968
41712
52672
80352
70440
52624
90152
61416
73584
86336
211064
165344
207336
182224
165160
175192
193400
203768
184504
102520
48120
68272
84944
78384
29464
58072
32720
49104
52176
128528
97368
55856
92416
66104
89840
144704
77600
43688
26672
25968
124176
71288
37488
68168
107568
46120
33680
111472
72168
71920
86848
86208
66080
69232
75712
65560
63096
54200
79368
76456
55800
46776
117480
105712
96184
128520
142944
64088
45592
27704
42080
84152
94608
80776
61872
44936
42888
81112
80016
71784
39816
14784
75616
100024
213680
74184
79224
89928
32064
50464
72456
54464
73952
67520
69136
40120
35224
77288
42392
149960
54048
76056
196184
86864
78600
67536
146192
83488
70008
38544
98400
97976
95032
74392
37664
64120
97832
49024
72240
79840
47760
183568
197616
71648
47936
117760
159856
96168
74456
69504
26656
33888
63104
89984
96968
97904
68832
55368
60520
64856
84184
40912
45048
67912
29936
54256
92472
68248
100016
107488
46752
101376
82456
62928
139704
38808
67808
76816
50488
67760
96488
89384
60344
29992
77888
84176
21592
105800
75496
109840
93544
54344
74488
73232
64672
60552
39448
96408
59328
48208
36592
75568
17144
86400
33736
27616
55224
65200
49272
44680
34048
42104
59136
53680
21856
48408
75784
68216
26288
59384
64176
45624
69720
57248
49960
39368
44040
35624
32000
38760
39392
72976
88008
75056
51000
63024
46112
21376
57720
25536
68560
18872
50776
51328
25216
46472
53872
51184
88576
56560
42984
49432
86640
52504
43952
35208
60936
37824
78232
63288
59992
47848
63360
48200
54856
110776
92048
49576
96560
59448
60960
48136
58672
40192
53928
26024
40648
56136
45720
30360
32000
54568
27560
67048
89648
43088
52128
61072
41312
66464
34864
42736
34072
27400
114616
19784
59216
48016
55416
79696
104608
71824
80480
30544
46904
49848
57048
40640
35352
39768
18416
50128
58424
57664
40528
44536
50800
29768
28272
70056
54824
50128
34840
62584
68040
52752
38776
31560
32584
21888
56032
29392
25984
51592
67560
44800
40128
31536
38376
34192
40656
41416
37640
36600
43280
64312
35632
37776
34808
45136
41608
27816
33152
35000
33528
31288
34328
41608
48608
49680
65288
47000
41560
35456
39112
22808
42520
25784
27000
36680
37824
38872
31744
42392
23128
47264
17192
26376
23784
40480
56928
42768
38280
29624
38688
39696
35984
12864
24896
30464
26432
30072
18472
51688
39536
52160
22240
22800
34904
39384
25528
22240
34856
18160
27480
30984
22272
34680
29008
11352
31736
32896
25952
22640
28720
39840
50768
12584
16280
51744
32320
17600
34240
20064
17432
19912
18152
27608
15512
46888
12784
13224
12680
15952
20104
10760
11392
21696
24408
16528
43600
36872
19936
22952
17520
20720
19088
41968
34672
34672
16248
20104
29688
36792
13896
19512
25960
20192
10648
13864
9720
13712
14240
20968
11560
33536
19384
42904
23080
12816
41968
15608
34144
33120
18424
13192
18680
26744
27704
11792
23592
24448
33288
29200
12824
15096
28872
13464
14464
13536
14528
13592
29568
34864
16000
23888
30920
36768
19264
33048
17912
14760
32688
16160
22072
27312
12080
17096
77384
39736
16968
47680
17160
34320
14952
20808
19208
12008
17152
21584
21088
43208
22680
23120
28256
18624
11032
17048
13352
16208
17664
40568
23392
38784
18576
41600
13328
20624
25800
16000
66592
30080
30968
17704
10720
19704
29520
20864
12984
16568
12624
13880
27304
18368
16704
12096
27648
15688
83728
21032
19424
35952
13992
20360
21616
24288
32336
15648
23640
72800
81016
19584
15648
26320
28792
64112
18912
24720
29400
16712
21896
28704
23584
30184
28832
26848
33736
47872
23048
23328
13472
16224
16776
13456
10648
24464
16664
19336
13000
14976
19544
16568
15552
19448
13800
13136
23896
21072
13600
12904
14328
32624
20920
27144
14584
15792
11496
12600
36552
19192
19736
18088
10400
18744
13184
17608
14088
13216
101608
14952
46056
38624
21232
22832
19368
22104
14704
22952
46480
15928
27888
14664
21528
20712
86992
12904
12808
13520
23552
13864
21400
20832
13160
14928
13016
11144
14048
12008
12088
18168
19304
16376
1424256
1055424
17848
18112
14368
29544
18968
36656
15320
13008
15344
22912
21160
19040
25136
30568
18536
31840
74064
32264
13448
23120
14968
17840
25152
10864
25168
50152
15896
16008
45496
26640
28344
23840
28432
25744
66816
23024
30512
15640
31064
25072
63656
29504
36328
30544
44440
14280
52408
33872
20736
28992
29488
11960
16096
33128
31064
27808
26304
32112
36896
76080
58968
17096
17712
19424
42224
27552
37384
27912
40936
21600
12840
33768
27272
18712
18496
17648
19448
43248
17704
41168
53352
23976
37032
24304
16736
31880
23184
19448
25552
48712
31784
13952
46000
15768
18048
20536
15296
21128
29680
31360
23616
17192
20224
28976
29472
18256
54264
44720
37184
34376
23256
25568
16656
36608
21632
39968
17272
19552
37704
32048
63048
23704
51232
28880
35376
30552
24344
39176
89072
38392
23392
71696
48920
40536
46840
25008
45544
43688
30472
38576
27392
48640
36184
30592
14152
14032
18488
22192
67568
43680
40600
33256
48368
32568
52344
38896
32800
38152
33584
56944
51392
67928
57088
43512
39320
45672
82664
49504
76256
104488
32320
70120
43464
52216
56784
49344
24896
42816
32744
41624
56304
60456
63672
57584
42056
52072
62720
56008
57664
36368
57232
80760
50056
75992
42400
41680
95168
69752
89744
70632
76960
70896
70816
51544
39560
24800
62776
83616
69296
61768
26296
60392
74528
77472
37624
52152
68688
58968
76536
69592
72160
44808
47088
49864
42504
37136
41904
39472
92176
40072
125816
58088
53696
87296
75312
44472
69280
65560
102856
68496
91128
86624
127080
99728
107736
83360
82632
60936
110128
101248
101368
92928
63096
55320
63872
49080
86184
54720
79384
83176
35720
58800
68720
103584
50344
98328
104336
70160
94296
81960
55168
88368
89168
56808
88616
122936
81240
127888
98216
76024
97432
66264
87560
97560
100024
102728
164624
99464
108288
135944
117560
110944
75104
103504
71680
157184
108392
108216
300992
73664
84848
36464
53872
112008
50584
65392
118776
74872
102616
77240
142320
137016
109360
114464
81520
88760
88648
103768
163584
213384
167584
186800
142600
77976
59016
188776
136040
164856
91360
75904
101176
123600
49440
104760
94808
42080
45568
75192
74344
114152
41736
116568
70800
97104
61040
52176
114536
46376
56064
62640
55568
74040
69672
48464
111656
113312
70528
69928
104176
118024
84824
79384
52960
123896
140864
145240
84568
144152
97936
105688
117384
95696
75160
87416
108856
92560
99456
62192
118072
73976
146672
66472
87336
109080
96208
90032
121656
99912
71024
80424
70184
95984
76240
89400
71152
87176
77560
85000
76080
88816
64064
52160
93872
65672
83608
94520
52016
89336
71224
111120
71224
47272
72264
167024
79328
117176
113616
116776
115536
94632
112320
100936
133656
110160
109112
72640
55456
40312
126944
95192
107448
100184
111280
113872
64752
106656
107952
90456
112336
69072
62992
67712
78904
183808
120936
137648
132992
102008
125776
129464
107936
100520
57464
86280
106816
108360
84352
132072
224368
116648
113744
95240
209648
65976
77784
90552
81288
92680
108896
96672
79704
57080
70944
70912
94712
154592
67888
141752
72416
79024
89280
59776
45064
112992
83176
121104
110032
56608
107672
132928
133328
67328
71120
155168
141688
61256
82984
102696
101616
78816
68440
45688
63904
53968
78560
85336
89160
98448
158096
63816
113480
68072
90872
75584
110472
170216
67280
61376
99696
47040
105920
164568
61120
134592
168784
140984
101944
104408
101920
97480
202608
118840
74984
82808
238056
464176
544984
434624
165376
8231584
93672
74968
94088
80880
78352
116720
73480
117000
76968
115392
86656
50528
72168
73416
61128
131072
114496
151904
104408
107624
126128
92408
78328
62264
65984
120104
109048
68072
86456
86424
64848
75024
86168
69560
81560
101760
143440
87160
108672
118480
190752
128536
84704
71248
111504
129864
96352
55168
99968
168016
135904
127608
120328
129656
320304
82856
89480
39488
106216
254000
94480
108216
96120
110656
110776
89192
77128
96896
171856
240960
291752
394688
145440
117472
82552
330392
146384
154920
157688
159936
163288
117648
110936
138360
90496
80784
81288
142200
174144
155824
100744
117096
117880
167480
131504
107824
177200
136592
304416
142288
118392
235304
142320
146376
220096
2879112
2608896
216400
274680
351120
285176
5978440
180896
138136
129976
145376
112776
109952
161816
155592
87176
173592
147200
118192
160464
113856
84232
105216
197464
170600
161656
144328
172736
150888
275752
190968
173008
158112
231736
180656
229144
333216
141088
296192
220432
146368
162912
239880
187184
219016
192616
154664
141328
106000
62600
128568
694120
1040200
196224
220528
130360
100456
145456
179000
93888
130008
145656
139576
208680
135672
119144
126880
122320
81680
112864
469320
568248
547344
97312
103144
112008
159112
97400
111984
98792
122632
155592
163264
103680
214272
116336
109632
202144
934096
623024
154400
194584
148384
126768
122984
158272
141416
255672
154144
149896
121768
218696
109208
264192
189672
905920
192000
125968
126504
239552
251352
181848
108600
143904
283064
200352
184048
155600
84712
135944
209368
131912
156776
95056
157664
461352
540448
569328
575192
335112
217784
212088
227288
169688
202808
187976
176272
176864
134640
108448
73976
137184
78720
118032
125440
137384
128296
151272
91960
118152
168384
256256
97464
111112
132192
119944
95296
106328
169432
169832
130112
98280
103064
129416
189944
133392
135704
109144
117968
102584
157896
63136
144480
94048
147344
78200
91752
78408
114256
170816
76296
94888
153264
117184
182280
144544
77424
120376
145312
209424
176208
80960
146056
143776
170280
113768
207024
412536
198928
169344
87632
411264
195144
180680
136760
135336
184080
189040
138440
133592
147248
102944
98336
168776
191016
79352
118640
205312
171424
219776
255648
316792
239520
219680
258128
230328
240576
327496
263312
511864
327320
147024
176392
383736
894328
409712
201584
198352
276344
191368
154416
147032
120096
209208
273112
155456
128528
168704
226496
183328
162736
170416
226912
266720
169904
151640
208480
92752
93704
143640
223336
168112
154432
168904
100656
993360
194456
133944
140664
133624
166008
87552
92616
144104
313008
124136
176560
104248
168008
672504
901256
291848
115512
122600
115064
81528
165000
251928
185016
100304
179760
177256
119832
136824
199672
84120
153440
91464
142712
183392
236840
230544
134472
142416
196904
173408
166168
102704
128256
162784
180744
162904
102992
135472
162472
83208
102200
116112
90320
155984
152376
127344
159016
159072
144760
120864
71912
138456
91600
98424
107976
101128
100040
168712
182544
108136
149832
112952
211344
80184
81256
85696
167936
109224
100688
113128
104704
173240
127064
137784
151904
94104
160752
204696
172616
115120
120816
94344
145672
145032
119936
58552
107336
79304
188032
125872
95600
134352
117504
156520
110840
121904
133368
131400
145480
56408
94432
134208
223864
112744
127104
132456
97032
103936
130320
115832
171592
155664
142272
158936
128768
93872
82552
162248
331160
83688
129760
136912
110496
91624
69456
95296
91624
145456
138512
86792
127416
133440
147432
122264
131008
121496
143384
98200
150840
125976
68248
71768
70792
108824
93944
99216
107984
136856
92648
85200
69928
95472
80488
95696
159120
42312
86080
72032
123944
64032
61536
201928
82448
57712
94840
107984
102000
69480
73528
87296
87680
93600
57248
151728
80952
66720
42584
89072
73008
86248
69832
53968
56232
52104
45064
34096
48808
63600
52392
57976
46592
42840
66000
63856
53504
54560
91776
44824
64376
112704
176120
612232
206088
47368
70992
74848
58040
62216
256200
229624
268752
209096
210616
241256
202032
96424
32144
116656
125120
94968
45104
42432
90648
47344
65024
32952
52552
37744
53576
33928
13728
49128
57456
17816
35160
48784
33112
29488
57792
47304
42160
37096
51256
32112
38216
28360
29376
35544
21440
44504
60512
45632
22488
55784
47296
41648
33376
33592
30392
41448
31136
42456
16568
21120
75992
33768
29472
48688
73208
31360
32328
30656
33040
40184
35392
22944
55976
39736
24072
18608
22792
20688
30208
12480
31592
21984
32184
23952
62664
42560
12208
13672
26176
20648
28544
23336
15712
23896
45424
25072
27240
48800
11976
26320
29568
52320
54312
33536
23360
35064
53376
49088
25568
38376
34136
25680
37776
51376
37872
38352
38608
32936
50264
22992
27576
19448
17992
17600
38456
13080
15328
15792
28008
39792
35640
29376
53192
23784
19664
23088
28112
28056
44128
17016
23168
14336
42696
15184
18120
14944
36144
25104
11312
13104
13304
26632
24504
18488
18376
13344
16872
24040
34736
38032
56560
21688
11424
21920
16264
11688
13480
14200
18696
29728
26440
22016
16720
16800
49216
33624
18368
20040
38280
28264
54640
11312
12136
12280
39896
13120
18416
14776
15352
15456
16928
22512
19896
18216
22000
22296
11192
33864
28280
21840
31408
17024
11688
46864
15976
11864
27112
20472
37088
26760
17792
34944
26960
26016
35304
15448
26160
32832
16368
33304
20888
23608
22032
14376
13984
17824
11064
30672
11824
22192
32144
18464
18920
12472
27904
11568
23488
9320
10312
12784
18784
27944
11816
46936
33512
16664
11544
21120
12296
13904
21176
12224
21208
11680
16560
20976
11648
20720
19472
10920
21016
21016
12336
11584
33816
14872
11552
16960
18136
20504
11376
10688
13320
65040
22344
26560
10240
18984
27144
17824
26600
14632
12096
16112
18168
31136
31032
17440
13256
9816
16232
19416
19912
18872
21768
14360
14376
25976
23672
13304
21208
19600
20352
26312
22872
16608
14776
11336
20416
12952
11272
23376
23720
1226736
994712
10672
10704
15920
16152
26584
20256
11952
13384
15304
25816
12832
14832
16152
45392
16088
20264
12656
20104
13648
19608
22304
18624
29168
25096
26904
12688
21144
26968
13504
16288
27320
27608
11664
9984
15664
17656
28736
12680
33912
14048
29128
14088
22688
18080
24128
29856
19336
20864
52128
13920
9744
11624
33864
44944
37136
24688
22512
17984
9504
63232
13464
21800
22744
12440
28136
21656
15368
39064
17648
22688
22832
24512
10824
19880
20488
24280
15152
18256
19504
18816
35080
31888
27288
48552
17920
15456
20088
32568
46152
34896
22976
34816
27912
28464
40752
25800
22896
22336
47512
58448
36128
44504
66264
33056
45664
43592
28176
30592
54608
35168
25992
42616
23232
30704
41976
22864
28280
45480
43672
63896
81832
35952
26824
23456
134992
36248
28920
23832
28784
41808
55912
47608
41816
36752
40752
27176
30552
60848
24000
34280
25104
35496
80776
27880
45480
70944
48080
55800
34720
59048
31792
28080
24064
35464
26696
48952
62944
37520
47968
33576
27744
46744
29584
46200
65376
58216
44544
42424
31312
56592
53848
29816
31592
65064
47880
57232
31072
47888
14152
30704
39552
33632
79632
53160
45024
42520
47528
28792
63920
47888
69656
110336
47568
168528
42440
34800
56232
53824
67848
80576
102576
166752
88640
121480
144768
61208
45000
29824
54032
87832
89592
20264
66152
29776
61080
45088
48128
28072
55552
48896
74024
96448
26496
67424
92576
83936
91304
55320
45216
328272
674976
277440
65080
60432
80752
67440
47280
57176
62408
65672
88864
51144
54392
170864
306104
314136
251400
240280
249440
312696
138512
144504
75560
104672
123696
81528
63672
63632
133104
77120
59792
83760
99416
78312
67640
110144
150136
58480
102144
71136
44856
124904
111952
137864
97056
99456
62608
94608
140872
93104
202776
118712
107800
120784
221656
150256
234112
176768
290152
241392
219456
181856
161536
243504
154544
334096
164576
151576
218848
285848
353312
283992
186608
149112
182960
293088
232016
223448
190776
269192
220112
223000
162808
118760
142360
242568
215104
152592
178816
204688
184784
220032
117256
167544
194816
260328
264224
203424
272264
241440
180952
275944
244536
300528
227224
279216
213584
204808
143152
143496
210392
195496
158896
164464
90496
129944
142544
132272
225328
110016
162792
173528
301328
183568
238328
162952
139088
131952
107704
142744
187416
145920
193800
231120
149576
188528
195992
158608
250992
193776
117184
128320
202512
148728
121120
140408
180296
206864
180968
215648
243912
177936
186408
201416
169072
153432
159736
155464
167672
208536
162880
146320
203832
179544
236472
177576
117584
151808
250496
184112
156424
163744
184632
157920
167520
188968
189896
139032
267200
227392
145240
160696
168176
192032
177360
127568
152952
152384
93424
154704
146480
220528
146936
140584
130144
181352
164632
128960
171488
192400
71048
113992
133656
151488
209296
193016
109176
171576
102168
140472
128480
174264
168136
204480
151008
141192
124736
173888
85736
159440
170480
140776
77928
151816
154912
201808
145632
214632
83936
165712
90456
129440
142960
159856
133152
79728
139224
144536
110664
130784
221160
131872
117600
116712
144152
134840
121072
190792
143224
125632
135080
81280
88096
80048
112488
103440
194888
135088
195488
186304
132280
142488
136000
195656
247264
328944
390328
321632
338056
456872
321160
272480
314016
249552
415784
349928
247352
261840
175664
216704
180760
176184
129432
117992
126360
228072
151664
185320
135768
119632
119688
227704
155088
642152
510096
195352
117864
241656
227552
180608
84552
253944
96096
170280
131384
107656
87384
154104
86832
181848
97424
116600
146984
172744
74384
150296
150272
74688
114840
286520
355080
121840
122952
133912
84472
121968
189136
244184
225872
118824
422400
699304
589376
473784
549216
582616
572872
276264
166720
209792
153688
138504
3119616
300192
180192
188952
170104
209016
131672
185424
196416
214448
1051176
156400
141768
165496
123352
181024
125160
160072
193664
242536
194464
170080
154784
169640
107752
112288
205728
238144
202712
203568
234376
199968
196408
172168
118664
159472
157160
364424
380408
684080
751552
684800
610552
646064
275184
157872
139136
204328
242384
120104
106400
170640
206464
100104
198432
205032
119784
225064
285984
135368
204144
214024
224352
239512
148872
163496
186824
191136
150048
156936
176136
114192
152472
180568
90608
238960
203064
173560
141408
136168
132632
166936
177920
125624
128504
155536
149240
200792
183296
146752
172672
150944
202184
205256
148136
84440
117304
158000
148672
183800
148392
131336
247984
164440
157176
147040
100480
145664
61168
148816
97064
141400
112504
153392
183744
104656
98120
135936
122360
154840
203496
158432
164920
298584
305696
395432
325488
315120
334560
368040
100144
159896
255032
256872
197792
143928
138112
163624
235072
164176
179480
149456
160728
103104
148728
149984
183248
109960
120312
139320
81144
111520
107208
224944
94712
80312
135536
240864
104640
157904
156896
205624
151808
145368
156224
186312
113600
146000
155232
159896
138992
93520
187120
145152
173736
139536
101696
167392
129952
142240
220232
118528
148992
190160
175376
155952
159304
194656
166520
151640
163056
175408
153976
271304
199528
196288
148176
133832
142376
154760
147160
170480
186480
179312
173136
121512
160480
134120
131160
268072
105456
130376
103992
131840
194720
98864
159800
186160
91880
159648
218112
191048
244744
227752
212856
219200
180952
239608
254744
276208
197536
230936
237360
198776
277320
239544
205432
134024
129144
124296
183784
220272
129936
139648
133024
91824
170240
151608
157168
105696
120096
122776
138192
98008
155424
87312
136896
142208
147968
134672
172176
151128
98032
104656
141608
127936
80056
148800
152304
114664
144952
211856
248960
199784
183272
142064
209936
199872
210440
166992
175328
151464
155096
166328
206352
164920
135392
173608
157584
125504
183760
197760
196960
143472
137560
115088
253128
185112
174928
138088
143136
157920
177272
129904
110048
124088
130344
144104
172176
104840
112912
198160
139744
151688
113744
177008
245368
212776
171008
126256
191120
103256
178664
227784
150600
222376
233752
223136
250008
168536
292376
232312
225768
191528
204216
262216
346504
520832
648280
510768
314736
138168
150152
130664
78864
90032
96600
140440
96064
148264
86408
143400
128928
116824
125440
131728
105928
259576
672928
447248
442160
215312
193592
169032
165688
131016
185624
151512
104368
86688
168120
200944
302616
152056
125088
121376
86520
145144
140032
128128
184960
147248
147224
167472
183744
90488
133248
213048
98984
87032
134456
175952
137544
110736
135528
168760
266008
205904
92720
232168
153056
180264
448288
807920
669680
168728
96728
161216
142224
148888
156400
78840
97752
176888
105768
244104
122104
138248
114272
186184
105648
102672
98960
436680
1737056
638040
74328
182464
258520
108536
164984
115080
101456
85512
152992
122128
97464
133000
117392
183752
165312
319000
168376
144784
79584
149832
177808
216880
121952
134296
108200
84536
140744
93128
93176
113696
149040
113248
443744
749048
758792
746152
675824
169824
127928
118344
228536
461912
504192
388688
198424
127944
254968
197440
159144
144128
164168
247424
118184
166624
147624
107608
95304
279096
153080
104208
101240
107048
112736
71312
143808
219992
161584
239936
176840
137432
164744
75600
139256
150776
113608
124136
111136
178416
99328
119504
115208
137672
50672
107000
118720
170376
159928
145720
77640
78712
146176
109672
141712
97024
128608
112152
88352
71832
73024
96232
119336
98048
60672
42680
96536
66784
156384
81360
80752
61824
86808
60232
54192
42088
105096
33840
71192
100712
87384
27240
63008
63400
43752
47272
65200
58592
47504
64928
60392
128680
71160
80440
74104
47248
58232
67728
33096
37160
26136
93072
62016
57352
39504
28456
42456
64976
18448
55072
101704
63256
31488
48888
68040
191456
53952
41560
52944
83720
22752
37120
14552
84040
62992
27200
75792
32040
25544
41880
41160
43144
45696
32736
78944
67232
17296
23016
63904
26992
47744
23544
51080
31704
46624
58032
70712
61616
17856
49280
45720
69112
19400
52984
55160
32328
20896
24560
23024
20480
19720
16944
38784
22584
40160
24728
30080
13848
24832
19312
95376
39720
81456
28760
24832
43168
26432
19336
31016
38856
36328
23496
14704
25192
13640
40144
40056
34968
13848
33984
16480
12784
26912
28568
48664
22608
27704
36808
12904
36384
24720
30752
40712
43272
22992
41208
34656
30152
44712
80296
39624
20072
61528
27024
27520
23024
21224
20240
22608
30968
25112
22888
24160
16000
15504
27880
30808
29752
22016
23640
13696
41280
29600
37968
45912
32192
70624
36432
15584
9720
23808
28464
19552
44984
12152
14424
29392
14264
30272
20968
27160
16920
18400
18624
42976
16312
25112
43600
20584
40968
14944
19600
17384
34200
22776
23360
15320
11528
21184
35248
35960
15072
19168
22720
19424
19736
27944
16808
16384
12040
9160
33552
12152
17744
19208
14008
14432
32584
23960
11640
16064
17616
39536
26832
15152
49472
22920
32712
18784
23920
16528
31032
23272
27056
14448
13200
34088
14704
24552
14984
11520
11416
16160
28960
12760
20040
19480
12184
14424
28288
13720
11440
14520
16032
33296
28008
24096
11072
13320
12144
34440
26528
18336
14520
16560
23696
29816
15336
14976
25304
24176
18344
22360
17536
12064
10032
13496
13944
19144
12432
18400
20744
30312
20264
10848
16136
13168
12696
17712
30488
21048
13592
25136
12904
20288
12696
17616
17976
12968
10104
23592
24040
38312
30776
24968
27352
17040
21960
16160
40608
20144
13928
14096
25088
11664
15240
20288
12848
13576
19584
28344
34744
43280
24992
15152
36576
16384
34136
44048
29032
34200
26440
1200536
1035992
18624
23848
12752
12536
16320
55680
14384
25232
19728
14720
23616
19384
35624
28648
11744
18680
50480
17200
14712
36424
13408
20216
41616
33224
25640
33408
26968
26760
45160
25520
15024
17560
26544
21656
17576
16024
17736
40808
30464
16328
35984
16296
16072
28480
10280
14416
17696
15624
15792
26936
12072
12080
29968
11592
19056
13528
29728
23816
20480
21720
29208
23952
7992
15128
26552
22832
13240
25056
12176
32728
54416
21384
17912
19800
11640
24952
44688
14224
35272
26512
53136
12440
34816
14904
13680
32288
72392
20880
46824
20800
27960
26448
26080
28944
36272
65520
27880
25608
37808
43800
46904
27432
31832
25344
34872
36784
66728
33144
15496
27856
32240
21696
55216
57632
33560
52304
25136
39192
33928
83024
35720
30784
31584
42896
40640
23056
12936
20856
43600
45240
35896
32872
13192
15136
83968
30168
29864
33752
22568
36256
31960
20472
29280
23896
23752
39520
27136
23464
57424
53264
46176
64616
26928
43832
19984
38320
45648
19776
49512
74776
71736
52992
45640
43224
24904
69336
57120
36312
47256
71080
47848
40608
33584
21960
65976
73032
77824
87632
72696
64224
49072
115288
24040
28792
42496
91072
85368
38728
77008
53136
57520
47200
58232
114704
58000
25112
45208
80568
46864
66920
113592
80936
81704
89800
90560
57248
21688
61232
60848
65344
39288
49320
48240
74936
26432
94168
41896
70344
89032
62048
56568
52952
43232
52032
47400
42648
160096
45552
68480
55432
37544
45536
68032
60008
75104
82472
88608
168016
46376
88400
124776
61120
60544
47768
185224
170440
32088
58696
64032
62464
89856
63328
31192
38680
99968
48792
105576
52904
98336
88112
81344
57440
67800
98216
111544
160392
76808
65488
91032
54864
57120
32792
31104
105808
109392
100304
60544
86480
89248
123872
61216
60328
56984
48592
61536
106880
103632
86720
25424
59088
52120
79960
67864
42816
138288
46328
83688
98936
119336
384520
553744
481736
92552
130272
119640
53984
82352
70832
165512
61056
89048
139464
79680
107376
122336
83504
112560
83048
102736
126280
154448
68936
53736
40432
110352
88504
108360
167232
88520
96624
82392
119024
112920
115832
52904
79736
133576
135392
105464
134616
82288
157792
68496
71016
79904
82152
136120
112744
52912
92464
83024
52784
127448
117272
161184
85840
67608
62640
76520
119208
65840
74552
58968
114304
78288
81032
69616
117856
132648
103584
143160
79360
39776
120544
68288
99920
108976
105168
95376
158008
61496
84448
57616
127728
80152
61672
88264
115600
92176
112208
99160
115184
57192
85864
96240
143168
77944
96736
174184
76056
85768
90040
152560
107376
189080
200472
162624
125016
105256
138248
118472
40688
52680
106312
122008
127824
120456
87544
83424
102672
138744
69432
105976
133368
98024
189240
113848
118000
160640
95808
118600
88704
103032
111880
148376
215312
158496
87304
86688
100368
105728
76032
85184
94160
60048
56832
87152
140480
114872
66552
81048
89912
81160
86272
99688
117832
141256
74880
42528
108848
71600
97336
46480
55400
67400
59320
56448
89592
58944
80368
106600
89192
42632
86720
126176
47856
109176
36448
97944
80496
92480
46464
111216
138720
165384
82104
119072
57472
106112
79328
144960
112832
70400
105952
132600
96048
113088
89144
123968
86664
77384
165688
150144
70608
97424
56336
127784
131744
90864
61160
83072
159280
106752
121224
141072
54368
110152
99232
136960
156008
96144
107504
58232
125424
93728
80072
91360
68576
123544
82200
113568
60672
72856
87576
123360
111160
62224
81760
54856
119544
196280
89968
66744
132472
200240
92544
99448
100288
107776
78680
54000
105912
92072
78120
137096
119360
78336
123824
146184
155616
161976
123016
122760
143128
154016
126496
319184
389120
207272
114552
109144
116032
88776
165752
160840
74904
158336
150352
144168
127160
114624
170528
74288
92256
124632
146952
104256
107904
149392
113600
188064
200272
222552
184776
196360
197384
285992
296008
280576
250800
176208
225536
209720
217552
306080
256384
258176
207056
128448
177992
58792
127688
120560
103144
88928
213328
171104
82560
100056
177320
208248
72584
107248
142032
130912
169992
103800
132592
172528
144024
114888
128656
137216
138304
155816
147008
102664
125072
100024
136632
117048
167688
175584
128000
168328
172320
179272
138072
164632
168816
206552
313912
283424
303200
331672
343584
364256
265184
231968
317648
