4506310
5120183
5041764
5416418
3298287
4757998
2716616
2892287
1239042
1097169
797968
1806786
331093
385626
675122
685572
1685488
4311018
3957743
5987633
5748570
3421961
8306870
5964047
3950406
5673856
3191679
5547915
3444443
4881475
2052975
4402498
1763548
1614314
735681
1945626
322434
398520
569269
880740
2885898
4151868
4971483
3202162
3662837
2609286
4064987
3156716
4886588
5311154
3842562
2034832
2169793
2843606
3524243
2107025
1152549
1008220
2116749
1992695
518245
427748
492905
747357
1410391
2720481
3473763
8330284
5885417
5871495
5328672
8368469
5406870
8259201
3696410
4719320
4913242
3091720
2894955
2553153
1607338
826147
907000
1855631
356256
410339
493933
1084273
2625423
5195154
2643706
1648706
1270958
1351317
1292988
747895
495585
394535
1932214
264982
232080
238356
524952
891383
2127699
2122869
1383992
4599563
2288498
3050457
2655417
1198888
1144687
1511812
2383437
4948414
1974311
3838719
1361165
807985
523870
465702
276853
1876702
191998
398084
413845
967148
1694687
3834075
4489934
3942126
3774334
3962169
5251067
4835945
6779100
3976951
3774256
4032698
3854925
4759384
2707009
2574834
1038403
1627417
389687
2145704
451515
502680
866586
1330571
1874286
2801824
5680011
4890809
9022226
4763227
7014425
3297922
6460505
3659359
4605904
3254420
3465231
2033824
1945208
1332834
1952246
527539
532375
3223396
381072
444091
402153
2039128
1869750
2974134
2674700
3813980
4489631
5386817
3764522
6168654
5579065
4800039
6075020
7031421
3684038
2011034
2263304
2350816
949771
637761
278796
1955658
394065
282580
395831
670193
1499109
4793570
3549720
3614511
5068729
5995387
6346171
6541133
5857220
4456608
4102670
2853374
4284787
3689354
2019973
1567332
3007499
1049219
447939
2113061
317590
427752
797608
2174240
1800555
4023365
3745525
4232407
4539427
5113411
4818332
6182481
5583368
5925428
3791114
2882879
2545948
3995342
3494969
1484082
1141840
588879
356496
2156987
421127
397993
676008
683432
1139624
1649511
2874678
2752352
1376463
2579909
2243394
1248883
1144395
1397175
1488768
3823128
1558279
2858947
2055505
2397527
1119874
625068
474493
2043037
3023559
586192
497751
628724
1185138
2414464
2822205
1146407
1354442
2693881
2013744
1968904
1455357
4018705
2310509
4262104
1620166
3546721
3141041
1564001
1214654
552544
430764
2064956
1468486
584291
932105
1224999
2860983
4484037
5250218
3937901
7338264
3279279
5045129
4641112
5281678
5675359
3520678
2010548
3863337
2476111
2141867
1345638
1171360
907689
604374
2254481
1658234
552517
515402
838238
1462922
3123383
3180917
3673765
6319366
4046806
4429109
4724048
3305803
2934032
3655373
2094807
3931156
2389828
3272376
1732569
2120054
821328
577778
2401017
1787744
392395
621265
2214562
1751345
2677730
3161032
4753940
4740031
2981904
3032187
3970448
3943192
2704730
3278686
1927649
2616160
3705853
3360523
1451005
3555229
655848
499566
2290051
423981
344957
455283
831048
2009911
4219374
3624319
5760951
4824150
2751152
2407580
2944081
2481516
2470670
1579264
2889970
1781898
3118502
2836247
1271205
2354351
1598914
459105
2106193
417368
459077
571860
768508
2574644
3792750
2133509
2562853
3624583
5310788
2811719
3538296
2222478
3424501
2922543
4234709
2107892
1898940
1545992
977487
819790
634025
553964
2282017
493192
422223
486418
752422
1197519
1640346
1516488
3944937
1543633
4537069
2537600
3884701
1477132
5859125
1445521
1590067
2611306
1137202
1293752
1138403
786383
797818
515848
2167949
546332
667565
460953
913116
1053465
1506383
1298543
2184957
946115
1568146
1295652
2391775
1732611
2775522
1924722
1469290
2717615
2724650
1668567
2237365
921218
908057
728211
1985204
288624
499919
497722
711691
1791584
4011954
3239053
4650721
4309927
2808547
4658660
5482730
5479634
4095507
3686499
4273777
1997112
1806172
1388765
2122696
1221193
1980980
500822
1896951
230181
347527
459948
749506
1264365
2621636
3545688
2614332
4022488
4375082
2845240
3578036
4129525
5609848
1969771
2019040
2615182
3870212
1775867
3654348
707790
598601
515851
2178137
511433
684700
874193
1054046
1567367
2215645
3589239
4164576
3541361
3859768
5031133
6290457
5912271
3976979
2717590
2566832
3453361
3445311
3627453
1718137
1684704
1709332
1109059
2481378
1114872
921049
922996
1123259
1630935
3987526
4615826
4875657
4787506
6155180
6561846
3569897
5163566
3521330
6575480
5338488
3431588
4738587
2900798
2107596
1658886
1327621
695094
2300546
753155
924544
849335
1320611
3111160
4153767
4478358
3908569
4612668
4311579
5087995
4587469
3630820
5626851
3500473
2723394
2621244
3742680
2016257
2486426
958167
775656
412732
2146332
398949
450004
408703
698466
914378
1336789
1699310
2132781
2969646
1699941
1559603
1195729
1222142
2529527
1514092
1922017
1567777
1662782
1319354
1134377
2135853
634303
509958
2224264
556828
531041
665325
1018940
1256889
2338174
1593651
3787291
1580624
1503522
2093331
1103770
1465690
1952953
1886131
1980853
2894849
3218453
5549383
1660402
1116764
874982
637961
3453893
599402
582472
791524
1023819
1702807
3096280
3668724
7036759
3859096
5215493
9921485
6701654
4339019
3705151
2828708
4573318
2652346
4765327
2714034
2402887
1087573
772425
704231
2542583
581030
742356
591080
888575
1508441
3956028
4259059
4106890
6100615
2839922
4751323
5912622
6638378
3252112
2471260
2306399
4986013
2267825
3095110
1332708
886308
1396208
291291
1901603
236306
331811
336861
683211
2846294
2325172
4046492
5659800
5694810
7136259
4835881
3593296
4916109
2777019
5096040
2351423
2999103
4135007
2827361
1187028
745664
480215
250767
1946028
205503
322340
524525
734940
1253688
2693827
3087346
5492474
7772413
4909986
4379122
3962423
3019518
4283294
4174838
3469058
4246890
3481064
2893066
1671274
906909
456636
401365
2016159
299840
354912
393471
2155127
1494715
3999346
3444658
4294409
4174411
2830056
4612181
7254314
6308092
2725774
2061406
2789658
2926839
3038929
3698885
4555921
965413
672161
290989
2069335
392454
348532
487144
501120
2393688
1409032
3155278
3409257
1782572
2620529
2048200
1534995
3543134
1690239
1634797
2778722
1435268
1153861
1369907
752756
949727
1651788
346933
2130892
348005
462396
575581
682623
768851
2793251
2658288
2136338
968019
1367505
1347574
2524861
1627830
1290154
2695896
1658442
1431515
1643897
1864876
1158555
602418
749131
443899
2035732
358344
329174
1642186
662904
1248277
3128287
3009413
3487496
4709631
5211578
3038628
3460896
4290198
4087376
4411057
2458320
4218988
6830813
2808956
3715833
887283
585931
247567
1943909
310517
248606
368061
1124690
1983634
2244924
3630045
3160033
2924586
4526044
4601210
4912876
4633953
5230629
3272277
1563480
1776679
1731328
1681960
1365778
1006613
772587
789228
2223376
494636
844024
733551
862212
1954946
3923650
3939147
6404121
4012991
2340345
4619853
2772117
3876655
4074645
3734313
2314778
1981355
2551419
2312379
1539528
1138104
821337
746972
2254268
550987
611799
831112
1018530
1670120
2899748
7154785
3452240
2917996
5937878
4033577
3401093
3470318
7001524
4973831
2557060
3640966
2513883
2045275
1468428
891961
768370
500127
2129999
456859
377330
547116
1168230
2805392
2607144
3588324
2595108
2387502
2672423
3596438
2573911
3057587
2251889
1858014
2239090
2407259
3241563
3214067
1625233
1136768
703292
570324
2082749
395105
453976
429264
567930
905371
1354728
2959426
2335978
2064184
2521472
1176702
1118407
1093117
3749438
1182520
2257310
1804008
1394868
2130140
1153464
1002636
665017
411988
2042345
528439
521585
666664
840611
1275716
2491514
2268914
978393
3339150
1334009
1404962
1030637
1091953
1176614
2290964
1164184
2219103
2301579
1547321
1191008
849161
662670
567483
2302672
362696
316717
552007
1577924
1042581
2643974
3191838
3892156
2775670
3850974
2779452
3143430
3350443
6075559
4532571
2858884
2207300
3270854
1905529
2128004
708814
549089
308496
2204386
217061
307031
479285
617803
1751408
2718063
5194039
4269012
3498315
2781965
5065614
5276488
7361175
5538003
7326217
4319748
3096283
3058767
2483046
1929490
1173363
637643
400761
2051612
305615
333164
533027
767006
1739432
3120926
5944010
3791051
4176885
5481589
4621556
4009773
3576380
5715445
4351085
3279554
3759695
4177109
2571316
1451924
2349735
601358
443200
2219532
293436
432531
657846
833392
1859829
3975175
6307903
4057553
4767439
3912447
4153949
5135559
5379099
4856980
4613135
3666241
2443223
10444547
3130511
1779940
761182
666504
809395
1936832
336375
710629
749766
1109890
3774656
6066869
3533367
3349970
6855078
4126110
2934978
4293520
3014358
2419680
3709976
2665943
2658542
3865663
2076966
2204832
1148699
1578431
372420
4281927
267980
352584
443154
1661307
950462
1308215
1485014
4218174
1349940
1969161
1663518
2543876
2705400
1415664
1692762
2140043
1696288
1637854
2685611
1281923
986081
585968
300254
1898227
208834
214543
249878
405282
655293
908146
2736874
1507523
2261187
1323427
2199817
1085350
1593297
3120810
2341266
1849814
3902988
1816564
1468805
1010428
3474408
1472853
487852
2023066
441611
597075
746050
789875
2219616
5825432
3464291
3902778
4995635
4415930
3780698
4716056
4342708
4781597
3172428
2512910
3795841
4730029
2008037
1267169
1088161
533944
526119
1999885
358441
612078
796780
1073033
5742144
3641934
4799879
5927015
5342022
3748431
3857574
3617062
6995292
7693656
5211411
3316065
3999393
5269331
3814547
2074060
1270433
1060748
885719
2477372
821540
406457
533370
900350
1952740
2650449
3467107
3415764
3304320
3882896
4205512
3046186
4921711
4679016
5028653
3257338
3920765
3292877
3470657
4172638
1575906
891091
536064
2212547
543486
740785
824996
1103979
2512880
3495788
3420400
4710629
3815920
4556765
4910181
6520806
6264493
5654243
2982382
3027296
2764334
3184683
2861899
1661052
1066838
646548
286557
2026684
255804
487073
710128
1174865
2912290
3336237
3918543
3983573
5547274
3504245
2822371
3919743
3231698
3424386
3028482
3637661
4450341
1767684
1638684
1429585
2131454
586582
447566
2215883
429975
514867
660283
945869
855285
1415960
1552122
1442244
1394421
1556819
1346754
1372260
2470371
2554930
1487806
1253774
1286353
2713292
1532160
1397758
5643025
846135
2464559
2094227
500982
374132
544377
603780
719259
2663603
1435797
1112169
2705800
2480372
1244496
1220911
2609190
3038091
1874802
1668349
2204755
2806556
1936158
3946298
2102264
598416
693603
2150864
455220
569904
877466
1281528
1106826
2006432
3403078
2346324
2472771
4415902
3962572
5590215
3366748
3325372
3061571
2042336
3350470
1941668
1722753
1310011
657950
649375
432148
2336786
572466
689113
683618
1994346
1374110
2738805
2669914
5229701
4930881
2756549
3822168
4672344
5592030
3834776
2612035
2551925
2007146
3589312
1880393
1291724
942602
483821
430736
2073101
385358
231080
323642
515744
1459608
2131800
2448206
2592962
3262557
2032128
5006415
3618512
3470709
2845812
2511014
4691823
2306636
2170803
2953176
1425292
1266356
1996025
627937
2437590
537066
1622730
339159
519068
996522
1841483
2128841
3610341
2561900
2267110
3338234
4177142
2560418
2435981
2815843
2761663
1729674
1889240
1552799
1414921
893710
668967
463604
2242463
447648
472281
565635
766412
3220787
3188093
2312903
2804185
3426402
2226935
2428091
2129582
2112462
3080537
3602529
3217324
2381642
3731570
2363190
2881731
1291980
1752316
394875
2085263
415233
428626
625475
782613
955628
1386388
1720174
1370869
1587168
1790301
1777586
1288029
1454798
1896495
1603564
1745315
1976941
2284782
4197658
2180154
2332717
2001413
1909966
2275322
643876
603484
839633
871181
746942
791705
1116102
1690181
2172465
1298850
1405800
1299574
1250767
1485896
944464
2238812
1503516
2329369
6342368
1333357
898638
797276
688395
2356792
664772
704664
956937
1198527
2110167
3362074
3469430
4873418
3860429
4257606
3745058
3509822
4458244
3910587
3402134
2519045
3023292
2598561
1764639
1608640
1378744
792495
517981
2213018
322290
593392
738920
1165540
1411779
2761738
4093610
4551103
4639338
5602398
5131286
2772776
8105959
7637269
2929067
3674750
3374611
2839663
2785415
1687752
1570721
854583
637315
2203021
1577285
561515
694827
961769
1657647
3380943
4153117
4394285
5182700
2622440
2978397
5576715
5566706
3841325
2535129
2332320
2585339
2829925
2764083
2197494
1437855
837523
648287
2129190
449181
404858
661092
1013155
1315223
2677796
4790102
4219702
2708085
2586602
3171896
4257863
3763903
3145116
4414412
3598586
2991682
3044629
3348651
2924187
1264603
936056
545609
2132307
420126
424143
693475
1245095
1775658
2361168
2914696
2377919
2061388
1728078
2505639
4932458
2473796
4920688
5957657
4845765
6830278
5352750
5418146
3558958
2172144
1406141
952665
2688024
546914
583108
915306
1085445
1950078
1606012
2099878
2085030
2016258
1923935
1737627
2158322
2269812
2049430
2152437
2197258
1940571
1875513
1448160
1454491
1338715
1173094
829091
2280433
296654
277899
295457
576441
733720
1141385
2774121
1488538
1676955
3027502
1618567
1417736
1507794
1536422
1608801
7818564
10143545
3902257
3023360
1877525
1479444
821283
740730
1969263
373743
232637
539956
904812
1184602
1636785
1618422
1943661
1774252
5536405
1295800
1521665
1862281
2393906
1739050
1613615
1296152
2260957
2636784
1917724
1670487
1965184
527298
2277055
283824
456263
450174
823406
2004791
3442056
5208022
3411373
4370865
7007640
5525180
6166616
5991032
4567588
4810796
5196912
4280963
3202870
4837383
2222644
1402286
871100
759314
2091834
414630
416130
722934
1324122
1898271
3366411
4412414
5876200
7909835
5864072
3210521
3694770
3998932
4205221
3543749
2529690
3964712
5605480
4114572
1522932
932021
1081717
458624
1983910
541137
497317
449847
1046812
1279545
2238305
2665010
2891559
3126762
3966706
3049845
3716591
5036496
1991202
1840976
2974772
2012042
2395528
1477253
1261522
1006513
679151
441952
1960123
303346
329377
435180
587393
1905210
2688967
2644630
3113132
2372680
2567192
3106930
2563905
2580679
2197821
2193211
1996716
1851822
1652497
2052961
1406298
846564
915897
499970
2050247
333411
360152
408049
777827
1507715
1949146
2610172
1647919
2124038
1720160
1763544
1390920
1495867
1537625
2664092
1634522
1381071
1368598
1315363
1075483
717143
359775
385860
1971613
251093
195293
256473
444820
992610
2160424
1740634
2174704
1378937
1662491
1499674
1649860
1581896
1546712
1713854
1424517
1556820
1505485
1608857
1347863
1221839
573003
561438
1976687
252624
305002
455036
1137892
1591677
1814668
3844005
1497155
1392423
1647216
5276338
1606249
1435353
1746217
1630910
1607505
1651219
1281301
2718430
913984
815791
555067
616430
2252910
238500
369682
458518
1025259
1138518
2706146
2565760
3962357
4054370
3222620
4503631
3928182
4652663
2929561
2202363
2055265
2171973
3309226
3327248
1376992
1162761
696429
419046
1952565
323724
329890
1761203
859724
2102390
4734657
4160570
6885910
3476425
2860884
3059748
4009437
3927315
2728147
2136717
1966367
1582287
1732144
1270309
1160364
698744
481852
329142
2988498
199067
205218
309211
557871
1248136
2262975
2527262
3115529
5985844
14007462
6868971
5525858
4540142
3630608
3888849
4629698
5233102
3723644
2951769
2037334
1633796
802332
780117
2818790
442131
576605
497116
781933
1802797
4215208
4964106
6520940
5660047
4238126
4982270
4639856
4557388
2372295
2281472
2980032
1676108
1693757
4971151
1321755
830957
614241
622318
2252872
440502
288524
477611
794348
837751
1120304
2475269
4035740
1153673
1004003
3546073
3523576
1022384
1117916
1074513
1376296
1404281
2785072
953162
1108674
892864
632087
554044
1896134
320355
298505
309323
526010
921770
1025708
1191472
1137592
1100673
1160093
1307699
1249814
2266045
1537826
1487891
2540856
1595059
2614298
1440496
1163032
756927
535009
726498
1916557
422806
404103
516986
874121
1563189
2333090
3318538
3439136
5763035
5796299
2923489
4122089
3318116
2871505
3707848
3349058
1916611
1986063
2713046
1187280
899082
558177
618774
2108661
188535
236064
296884
506834
1606530
4555916
4105682
3068899
4111508
3122040
5624114
3874532
7218294
3772501
3476986
2255787
2198933
3860784
3842878
1104923
986496
544652
468871
1733624
230027
279423
367005
608694
1550083
3251714
3744427
2825803
5019524
2619403
2611831
3002541
2567812
4648619
3009636
3989216
1909391
1572655
1505008
1260251
819904
431996
586529
1908353
382114
413805
329413
589284
929829
3644025
3893819
5183084
2483996
2205844
3901794
4163992
5378410
2415883
1546691
2597677
2781695
1550683
1928100
1234165
1983015
611193
771094
1918126
470416
409798
518570
539090
1024353
2049491
2650443
3460450
5432321
2480706
4401301
3048405
4153294
2305739
2267840
3226053
3366697
3107005
1848776
1976361
2080714
553561
638755
1936981
279378
244165
301012
505793
1006366
1272841
2356168
1225209
1162771
1343994
1769050
4041799
1254628
2078910
1984947
1152968
2480817
1657580
1086950
2433836
602838
1034492
1263751
1736508
270918
364762
394318
794968
1390940
2443476
2017076
1079261
1067480
4404637
2075103
3233814
2123460
1823263
1747687
1668594
1750309
1744788
1651804
4611031
858927
369204
482119
1918549
562529
337831
371246
613890
1746456
5547389
3686426
3840770
6082367
3753022
5542956
2897146
3487358
3494886
4230604
3277861
2443573
1671993
2783656
2292881
659085
458623
593565
2233149
587918
566264
666192
1933992
1643502
2380530
3632038
4108108
3350942
2810559
5182495
4271401
3675566
3797672
3486304
1745330
1856322
2042125
2776936
1082572
842865
879208
574597
1745023
232474
269979
370663
528655
2307233
2262037
2946555
4056165
4948251
4734103
3345599
3919804
2626311
3498818
2030208
1577989
1728540
3910835
2480979
1003294
2003685
414273
612534
1599798
200391
275182
511405
1705529
2003321
3895351
3248238
5659391
2846196
4761402
3965849
5884406
4108220
4465577
4064451
4342481
3115423
3372766
2517382
2225969
1737051
1246458
649420
1699013
256070
327161
453857
1443346
1945109
5513085
3589331
3485404
3346717
3587765
4002457
3111779
5209050
4105812
2297190
1951337
2075270
5118108
3482127
3511411
1135768
472007
624863
1705285
212697
251986
266836
512848
859891
768369
963852
1303615
1398987
2762929
1313088
2259041
1551322
1339631
1771452
1617472
1579850
2807954
1144305
5245829
775562
675135
639153
1617424
711630
560537
1082296
599895
1742827
669152
2133273
1089388
1181263
1046284
1239755
1257378
1029896
1546034
4286583
1381295
1304641
2034674
1397095
1277267
730963
453821
848113
1845618
324048
312162
422918
589248
1400684
4960261
3264037
3613917
7109703
3001899
3592942
5539634
3356862
4384227
2729433
4119140
3065960
4411870
7786754
1419463
994164
1947470
1054150
1853991
488809
487678
422360
634800
1092950
2769255
2694944
3487982
6744374
3060172
4641240
4766823
6702424
2309609
2257484
1947702
4496899
3025403
1607757
1114235
793606
467461
786401
1994026
677215
771714
490987
876553
1297070
2827864
3468402
4810476
3245144
3070030
4289905
3112837
3515028
2553307
1426450
1896172
3445475
1712576
2527192
1720984
2295267
582300
949864
1679210
467328
506887
582271
733872
1368358
2376901
4825893
3179543
3052754
3837008
5015735
3179624
4442047
4602391
2727250
3495027
3840358
2113403
1869531
1268814
844147
579358
2143245
1650937
339364
171196
436924
861605
3364047
4629917
3277119
3067898
3208912
2758776
3009339
5078166
2940270
2621454
2267096
1975456
3123367
1974706
1399790
1189566
781665
626594
769896
1424935
267181
217129
452703
558143
1314032
1126747
1063230
1167027
1055368
847775
1659351
1381503
2236839
1728447
2163755
1340687
2245904
1584282
1126808
714381
637600
357635
717607
1740555
467396
642712
588416
584251
981243
1074755
2550268
1723692
1675613
3614929
2691130
2512663
1426394
2834909
2711006
1736152
1796670
1534001
1893954
1024666
838909
745175
963580
1910989
487312
526461
569924
801183
1528412
3857166
2759697
6701161
5384268
3081255
8407622
7080183
6812744
4295980
3105302
2012634
4165310
1922787
2665536
1359715
1259144
757546
1101320
1812531
576103
702945
669274
683129
1370397
2242126
5195622
3351411
5862989
6848815
5850026
4187382
5520345
7669693
3947646
3225394
2780862
5553918
2590405
4355631
2402054
935815
1627541
1625405
235554
317439
706328
1225279
1762190
3217882
4734726
3691613
4552093
7868353
4109559
8375877
3177295
6674493
3626872
4864138
2420019
2353688
1900777
1701642
2561064
646006
1020986
1664324
485164
614557
607968
1083820
1590360
3325496
3737631
4318120
5717743
4856668
4965859
4899725
4987074
2878565
2817622
4489020
2671938
2153048
1637070
1533954
1942089
1058474
1079791
1552150
1574197
534674
719143
872408
1296169
3063106
3496199
8217234
2956485
5031122
3112466
3017569
5365345
2271157
1972141
1995407
1793687
3570547
1410311
3553555
2310673
1954785
1192909
1736893
593135
625319
648133
827797
1205416
1212358
1339274
1397600
2564087
1291042
2826156
1744346
1108544
2241528
1245122
1509142
2958749
1391098
2812727
1231473
880301
786723
1310269
1579472
631527
625535
585476
1131857
2456724
1486172
2814115
1604773
1203852
1616695
1968639
1430332
4752360
2532079
2751799
1730312
1679811
1626569
1105652
1186467
645543
330183
999400
1711650
583627
872558
592528
483593
1385118
4984171
3863196
3536676
4408001
2936909
7207889
3692722
3143361
5006328
2100159
2052633
4546061
2925228
2541723
1101704
740690
541642
808853
3984890
665929
837348
628584
971233
3188153
4086085
3178503
3192323
4809540
3996256
3651945
3021544
5191481
5477279
3962558
1954373
2184300
2460332
3170407
1714153
930777
1790834
2039682
1507687
970246
1523770
938572
1004311
1732358
3760769
11945081
5488020
4363482
3432667
5786955
7555931
7016895
7004346
3188149
2849318
4071390
1934578
2787547
1269949
1175621
436961
873239
2733668
252445
295963
720043
2335189
1830489
6859855
5088241
5233570
2985471
4586631
4387980
4674507
3483766
3304792
2183622
2622974
4143218
3932577
1956128
4424169
917277
698853
1143987
1748576
472794
422833
430538
1659160
1522988
3311473
3045703
3421235
4329415
2684109
4222609
2653313
2710707
1904209
3524117
2734297
1467566
2527376
1584357
1254981
1271035
565228
1001755
1195493
319852
232034
1444167
465437
760052
1912423
920682
1181615
3346854
1038547
1103021
1028666
2081973
3467172
3377029
1279292
8055550
14056293
15928507
7490398
4037518
662999
918103
1350694
204976
216462
314149
627179
574792
779059
2755452
2736048
2009220
1028250
3349062
3723407
1015906
1135709
1244397
2623836
1570737
1167878
1540345
3262744
6830576
14134035
17926108
8626476
1041742
999354
1034988
1174420
5844829
3472067
5736774
5670521
4701882
4275685
7419094
5726495
6572453
5320840
3353053
1909904
2093686
2006647
1842535
3518237
724788
3663120
16485553
17688177
7628016
2533256
1379641
1477222
1719911
3242994
3400422
9569636
9848716
7538404
7590437
8978421
9351245
6499695
7888350
4255181
5266721
1919714
1679620
1720241
822542
392822
1094129
1286764
360429
412526
712130
930928
1667078
2463655
2901008
9052813
2743041
2556016
3616372
2586989
3536134
4443728
3527447
3523160
2123936
2027377
3674490
1603500
1230041
939032
1527825
1780267
703678
703243
779625
2118896
1278745
3859722
3174661
3270528
3868900
2544306
3018324
8732123
8222521
7666108
6402202
5814081
2678157
3348042
2245937
1659596
753959
514545
1194687
1470830
252740
320602
394131
941364
1743295
3296438
5792526
5735082
3047681
3647340
3733528
4364298
4393764
3145930
3066365
1913135
2878501
3038560
1383813
958220
755791
529091
1320874
1245315
302899
337298
297314
520081
987497
1249207
2631825
1147381
1412169
3633522
2364206
1899944
1392020
1283963
1472667
1392553
1100594
1252961
1247165
1309952
942963
710192
1273267
1095044
244992
241872
204926
1439977
1088958
1409073
1301866
1223850
1291208
1127287
1340604
2455708
991267
2391571
1945521
1389083
1473480
4137953
1867639
2155051
860435
1953955
1095993
1245147
381602
292484
473053
699599
1477714
2495713
5272386
3406357
3710100
9369370
3898608
5215716
5778746
3148920
2438974
3343744
3183512
2039528
1793994
1201482
569318
597443
1194918
1299087
237376
243840
434616
725772
1549496
2078161
3234948
4359658
6590938
3567950
3703084
4210366
3350928
2957380
3701258
2961372
3442846
2832297
2283071
1369999
975424
826844
1321928
1345775
406501
404328
479263
807641
1704611
4825016
2781863
3197245
3870112
3016484
7250111
5730453
3694442
3400125
3030952
1653995
1684652
3013777
1618775
2419302
667367
531446
1368478
1136782
339002
1513471
469200
704875
1302207
2572014
2578359
3957048
2464597
3673377
5027576
2858817
2577740
3093827
4230102
2692352
3799093
1649561
1556009
1116548
673020
419308
1343293
1100518
390371
512433
727867
1131237
1552513
2304765
7335348
2610778
3171578
3314909
2824541
2788590
4228253
3174327
2891019
4018766
1913941
2098868
1963198
2495271
1064829
706753
1637549
1495911
249371
361300
474983
824676
944964
1040432
939634
1490144
2156891
995556
1138023
1789186
2340547
2463418
2157393
1352642
1093590
2664170
1145603
868931
2049505
372742
1456479
981358
262219
259852
932368
983852
957621
1177979
1294914
1272553
2240479
4961244
1130864
2110030
2411946
1310258
1502395
3228984
2926224
4119807
3835609
2223746
913764
481354
1341204
925181
263677
290638
477082
658284
2572285
2653483
4357993
2969568
3297130
3489087
2772910
3844858
4845302
2569235
1494020
3813615
2762447
1653123
1228124
1649826
765644
417734
1349515
999607
245384
238783
608958
611776
2672427
2930427
2201613
2344866
2276044
2259310
1856271
4098542
4925488
3488129
2170716
2146537
2414963
2306951
1880215
1957028
1210958
4977259
1337782
1033151
254776
417160
447614
610059
777077
1183280
1824562
3456990
1175655
2168120
2531376
1161593
1299086
3578242
2417872
1248010
1269680
3067085
2858811
974560
530420
310335
1259068
891146
233373
515737
442358
1017376
3946119
3539976
3690622
3667379
3273789
2857998
3736377
3062291
4177222
3943544
2268467
1766778
2375013
2014464
1633312
3508139
879661
463776
1277292
879921
208601
255996
465364
876724
1708785
2767972
4487218
3434112
5552895
3845521
4954602
2948011
5245764
2582146
3596633
2526857
2391180
1694114
1453797
1024480
627632
422382
1458358
845594
221992
282206
570632
471018
746395
929266
1075152
2182543
2337326
1176594
1184986
1801027
1250357
948630
2148410
1262980
5253015
2551436
1274587
2133807
659712
437334
1354982
1305964
1463282
221200
361128
354023
630582
946108
986640
1399419
1464218
2883631
1655029
3539173
2262475
2690687
4086136
1727203
1552530
1702452
2476655
2758485
625414
430315
1407467
868830
253329
440827
390953
761515
1356230
5066636
3464423
4771346
3450587
5422472
3310621
6917711
5703431
8214963
2663548
2481064
2784159
3177268
3409544
2736434
787785
696744
1498348
896630
460839
348006
531383
2326976
3418048
3121895
4227812
6290130
5881704
4357924
8087688
6540260
6067142
4340152
5183463
4440276
3691498
3045039
3030249
2633737
1631075
565190
1510525
1515879
472931
512533
668874
1198684
2318777
6292466
5893609
5811550
4242836
4105424
7207908
6278929
4014953
3162405
3482529
3395044
3319245
3560730
2351742
1662492
1075454
2833435
1604170
933009
440471
470985
637642
1134930
2109253
3302234
3068268
3715664
5520083
2794032
7877137
3693057
5560297
3759286
3978722
2592683
4015334
2969280
1759757
1420247
813837
575782
1578491
883013
302908
349382
511292
1184283
1940121
3955542
3974036
3496988
4776357
4701249
3572317
3925515
4504806
3518356
4703601
3399468
3701668
2073220
2889771
1488146
954132
593739
1668862
865074
383831
370669
581928
860242
2247050
1383798
5125801
1410752
1335761
1303065
1106188
2432976
1297988
1371336
3802024
1336546
1580173
3504864
1975241
1091126
1940150
617129
2914887
725701
703956
274710
562009
717648
868971
1055072
1310299
1554755
4136895
1245368
1229057
1314489
4885698
2500358
1415293
1657188
1473882
3835136
1846001
2156428
996777
502051
1578965
685666
292622
293867
751630
1533550
2918473
5197630
6541979
5604214
6018674
4297969
8497254
6017462
6107913
3156609
4730155
4523619
2154321
3253191
2911597
3568360
1060356
533464
1588344
764266
293284
348468
751922
840543
1502891
3861095
4418035
4493795
4860391
3354165
4394785
5077256
3888558
6163894
5041385
2879743
3299503
2167960
3116467
3377903
845346
2670428
1849680
771598
354282
371217
498276
735812
1449313
2758909
4040098
2788587
3441196
2505779
2856853
2794597
5671422
6587753
1997308
2285034
4159282
2300364
4471722
2195437
1863596
1628705
1687823
659175
333432
347596
690876
774186
1553084
2361614
4384514
3320677
4251813
2963777
4297808
6667350
3438241
3280218
5965708
3599658
3493748
3523047
3216942
1750733
896963
625490
1650506
751500
331280
418110
668733
1014788
1502779
2333072
2704597
2599445
2531595
2128669
3680574
8651131
3438141
1962915
2906454
3157877
4133211
2352472
2049064
2478973
2261120
784043
1994384
2643525
1982454
1707025
2441522
2870619
3150941
2021419
2285414
3375894
2085319
3355259
2456268
1908495
2779169
2703684
2309816
2556110
2262680
1811859
4388642
2232518
1941789
1387779
1818020
2270342
901920
774468
1658458
1973504
2510510
2525566
2473462
2653299
1772710
1348834
2210066
1140263
1291525
1309424
1604294
2694524
1575251
2769911
1173769
776106
653030
2018290
1896641
378423
339501
450639
1386332
1274192
3005699
4876888
4248043
7624967
8084477
6047770
6446905
5073191
5785941
2630428
2754799
4125706
2419962
4580196
3899441
1825248
997566
1921498
721654
347892
298164
516510
777876
2884536
4857607
7513418
5456608
5533621
4427532
3407797
4505564
5109448
3169135
3334562
1943601
2334466
2254649
3299878
1576879
903276
583559
1878720
660341
301258
338577
509001
723482
1273808
2494872
3329699
4430384
3987330
2559885
2911727
3303601
6101879
2884350
2569719
3943650
2095037
2335840
5478353
5455005
1008270
616379
2029411
681668
484390
468103
1583705
945870
1448431
2523178
5762973
3426154
4760183
2887504
3004234
5175854
7653844
4977188
3948858
3763468
3860560
2632571
2166802
1593471
949950
638461
1994718
777011
335495
405502
2815786
904825
6591237
4180023
5207604
3748343
3913722
6859725
4904840
4572556
3105734
3770944
4561098
2097516
3383496
7544444
2675018
1470906
2328349
1971448
2068859
627543
537974
447698
655175
825775
1596364
2304432
1940649
3760569
2514019
2660541
1993045
3150740
4345828
4018595
3850794
4230346
5292150
3622697
3055400
2336966
1642951
700871
2054362
646014
278834
339530
529759
1049399
1362906
1535496
5054215
2583290
2995308
1898869
1453272
4214583
8220104
3339327
3536050
3395845
3756873
3481459
3107561
4477322
1277692
733136
2057083
621066
258395
561212
519625
1206807
2987763
5586059
4824912
5860870
4510713
4242508
4639981
3394238
5910412
6003678
2656347
3994232
2398499
3754466
3129291
1288034
872568
517711
1811012
491371
267986
376440
594515
1129854
3428909
2807398
4507340
3401307
3933586
3778386
4374650
10585778
7923174
4354109
2184347
3436875
2325790
2485016
2316036
1578665
995562
490818
2017818
643913
461515
546692
607889
845186
2579948
5800164
3336068
3950776
3284004
5288216
4008923
5476466
8369038
4152879
2097498
2218598
2312633
4709738
2123149
1705154
904698
500183
2004369
244908
351848
263660
508067
968720
1815693
3732089
3504297
4027975
5234884
3789224
6792368
5544352
4199488
2872230
2185937
2896757
2363619
3623600
3113215
3486819
748288
295680
2119593
308063
167990
206592
340104
689800
1274017
2241399
3473346
5472728
5107185
7113677
3872421
3661302
4379381
3244880
2704341
3827972
2576438
2255204
1878895
1528047
806803
1566570
2185106
401424
231634
217094
467837
590077
1049495
1316384
2120739
2896781
3031009
1803140
1643353
2044307
2169962
1722627
2753183
2862362
1479936
2450160
2173608
1156839
693600
552296
1994294
364004
227211
183890
208071
445937
859825
1992846
2273048
1272950
1300028
1341411
3137628
1210572
1226708
2910376
4782662
2814704
2063472
3069014
1818760
1528960
742013
406817
1920840
495522
354989
318809
481776
1499352
4003058
4906118
8001466
6914260
4777076
4899780
4857350
5510297
5914320
5149996
2942809
3700161
2716327
3077189
2822154
2133552
1230486
729025
1950142
515589
328399
397593
505790
942769
1400230
4982126
4149532
2961232
3372493
3620099
4815235
4770598
5713028
3449985
2741783
3581430
2760859
2704473
1958837
1194851
877291
543897
2041683
447817
341178
432905
500522
706346
1352440
2206615
5489250
3087102
4123427
5433359
6484604
4627287
4159166
5354141
2518986
1920669
2088799
2056632
1876726
1343612
1260906
735868
2320438
765486
653966
752364
515445
995650
1509842
2022077
2707284
2808068
3394540
2851312
2974907
2760673
2871810
1832577
1776658
1402904
1331727
1647415
1415749
2323194
848595
503754
2050357
364260
478795
351499
456781
642471
1368438
3108931
2220416
2217213
3534002
3578018
2436555
5571350
3559508
3167264
1568758
2399604
1495662
1742797
1670556
1460715
885250
507868
2232852
741106
297063
406259
358880
567705
807849
751117
1132161
1832475
908374
1025825
1982562
882363
1027423
1126533
2066373
1357678
1137470
1053335
2556339
784380
854666
441300
2215390
381869
308970
329246
680512
682974
1663933
920408
4509576
5674550
2333736
2155383
2132801
1001155
1009791
1068796
896500
1014171
773476
994020
1097606
1235456
746291
557694
2197941
323354
355965
305716
385950
635058
951394
1244422
1437783
1203258
2422453
2505609
1434131
2820975
2769497
1042303
3347044
2546839
1169765
1161944
1345904
735754
893321
533881
2035188
499867
207127
350794
389673
695490
1323785
2072888
3592859
4920865
5259110
3085517
3963947
5145584
4058489
3723699
5532607
2515259
4687716
2555051
2774841
2746328
1343459
1147194
2765271
1434695
294308
312910
557105
788646
1521920
4683361
4008076
4239296
3966828
4802755
5456212
10350992
4827084
4382559
5414895
3611053
4036564
3895258
5209780
3662727
1254922
911482
2290480
330229
481554
589514
876566
1663887
2566796
4411880
5427312
4215954
4834800
3769428
7687272
5616414
4023390
4727515
3093073
3073193
2242331
2332190
1780180
2609742
1858469
1665212
2169798
334290
347616
546248
775682
1514790
1543489
2597890
3179360
4282236
6661288
4860711
6710507
6030295
3544461
2444995
4809499
4118737
2530833
2139966
2132979
1332613
915025
830949
2684287
464434
373690
580970
1043462
2580816
1284404
2873919
2172796
1819243
1767469
1475634
1785846
2492348
1409136
1655710
1262345
1393213
1585364
1336801
2473374
1071614
966879
943587
2311780
444425
495785
486734
526864
3020052
967819
1245952
1361534
1376171
1485750
1103086
1027854
1545584
2629630
1425602
2632643
2878671
1798546
2643464
2435547
1506743
843451
859556
2121882
383430
255071
388585
955544
1251917
2240823
3927271
4164173
6179313
5707753
5554186
5134551
5288528
7031574
4670499
4040315
2378665
3679860
3178818
1660590
4002108
861459
842958
2604373
404442
506501
388750
889992
838254
1796365
2685680
4049040
7429026
4364146
3241014
4145732
6555520
4579280
2873084
2103291
2111200
2575099
2306538
1767546
3359564
1101562
1001554
2444834
628966
436516
536337
558555
894640
2483761
4903493
4886436
3892869
5428166
3728808
4179650
4517225
5589041
8234251
5132391
5779215
3324454
3464343
2703635
2235866
1271828
795900
2346977
293803
290337
411493
652540
2248004
1843362
3345262
4812723
4401358
4875028
3703194
3329525
3359242
5230576
3375519
5101755
2669467
2550518
3539418
4131019
3170013
1617370
859422
2264262
913043
1941102
643451
1083612
1312942
2017034
4147080
3699426
6190127
4262184
6671514
4755039
4649639
5048562
3967736
2333666
3409702
3087960
2482022
3424939
1855586
952226
870490
2686580
559148
473280
375862
795839
1088526
2899012
2562177
1724628
1727406
2250186
1739478
1102827
1256761
1285766
2003674
1233874
1461137
1527180
1609652
1666260
1347009
846119
758232
2265094
523639
712538
484947
479056
816059
1115117
1027821
2767043
2551865
1360972
1233643
1170330
1131144
2334428
833038
1373749
1726942
5614122
3945411
1699866
1134681
964648
807513
2414749
554185
324275
306746
516623
1238277
1474139
1526611
3120135
1459123
1395447
1250127
1537498
2072128
1040280
1160886
1477455
1256661
2572840
3849394
2563184
848061
1020077
709122
2237079
287157
247881
439498
520022
709913
1058959
1529038
2840879
1981356
1567615
1460408
1704068
1421993
1964006
3037961
2402359
1512209
3132881
3801858
4946573
1113164
596494
721265
4562539
488105
569166
593130
690837
973980
2339844
2523831
3603114
4206751
8720773
4960828
5770940
4698850
3450689
4220366
4139240
2226599
3345778
2173281
4249191
1583011
761068
748139
2080964
455461
275451
271410
480667
1076403
1610169
4411364
4885927
4660082
4036031
4424917
3096757
6019843
5186662
4633344
3566623
3638291
3801382
2589938
3519810
1873830
1239849
1844347
2466404
621916
547008
764360
936917
1361525
2081832
5365926
3718550
4516124
3070140
5365847
4062471
2593726
2631302
1966493
1875791
1618744
1530470
2251752
1766149
1022714
633134
491597
2024126
258762
248389
358965
806388
813578
1029930
2253965
1633802
4734209
6044894
3749544
2048529
2022708
2711016
2491270
2990483
5621222
10179704
4571088
3208158
2489145
1259450
766472
2303876
545792
456411
772833
1098960
1068085
1601293
1908569
4779897
1878685
2404815
3413258
1934583
3741110
2039763
1412706
1599875
1684040
2786686
2484073
2158817
1294557
1021721
587802
2068676
337726
357550
373389
808742
1157188
1560828
4335560
5244644
3663090
3290146
3240185
2987790
2549730
2270456
2713020
2468824
2591062
3248024
3601699
3250293
3153879
2935850
980074
2411633
1027304
535576
660213
724470
1783014
3065328
4257050
3472997
3170638
3881784
2466681
3639450
6042403
4185421
4085698
4409186
2903242
3352742
2903414
2728428
2151428
883339
1776457
2025478
386971
314639
352010
641176
3021734
3159581
6115095
7815041
5050636
8466724
3415388
6332626
5024253
5921079
4804990
3698867
3883551
3449616
3360610
3386936
1647371
1419598
2209154
2352755
511530
634469
770262
877556
1012706
2839652
3055150
5399742
4147102
3780122
3903351
5038892
4922870
3177401
2905385
6099371
1891524
1791136
3387503
4109868
1336089
718450
490221
2021646
443942
545594
627974
806906
2373988
1695622
3655105
2796913
3476803
3557128
4082346
2660766
3687954
4136174
5253128
2015038
1695141
3049721
3315515
1577550
2390366
877897
840519
2315232
260797
212448
868407
1459720
1668450
2759313
2356002
4248856
2623848
2682679
2251401
5387062
2833385
3194103
1899582
1596387
1791319
1521447
1577583
1404624
2231762
3787606
720184
2445868
380862
540168
449167
497032
796481
1312840
2473057
3921094
2599776
2597569
1606191
3681059
1330744
2671909
1251101
2835792
3224928
6386581
1710353
1398709
1091696
888090
611870
2183514
444170
638007
342780
381314
633976
1854156
3620146
2851793
3312000
3377704
2588515
5306180
5727745
3309115
3170900
3715020
3079042
1963154
2218134
2361054
1335998
2285988
485065
2320028
405022
168973
203150
359575
666149
2523540
2433467
3430769
2955760
2686633
2450066
2395551
4227161
4656084
3804525
2987738
2398204
1885990
1685110
2149258
3800601
2279009
727964
2907370
355603
324409
283347
536020
1903449
2447994
2546980
4142196
7118807
3959617
3706358
6740991
3048049
4424946
2256848
3383985
1945287
2114164
2572181
3502846
1674564
1099789
600655
3247538
325590
428835
374839
686095
842060
1456806
4278114
5548988
2717408
2722068
2325948
2575203
3270715
2660896
2477264
1808118
2841030
1663430
1635737
1758463
2321748
720814
354630
3322072
148120
1284821
284727
385067
708173
2356654
4781070
4532423
2485442
2690444
7135019
2910434
4237117
2058774
2975582
1414384
1418827
1671045
1446713
1333271
1738861
642146
441211
313465
1993797
181803
259326
457008
783990
681006
2050037
1255954
1256762
1396076
974237
936605
964780
1160163
1074460
1037392
1161923
956104
1408186
3664756
1072805
952655
646250
2404080
265611
203812
315297
1695858
1308996
2546552
1892475
1023227
1076828
3556524
985684
779286
1312030
1157330
2113886
2486913
2247413
2423200
2414570
1286767
3230308
1681446
385322
2062647
252578
182010
245979
274148
817064
2308286
2530586
4507202
6257344
4574142
4537511
5396574
6394213
5729523
3287170
2537823
3385040
3040525
1868047
4562116
1561939
3316953
679068
2198210
347138
308690
365889
492938
774805
1786130
2165745
2874216
4029914
3246910
5145644
4117293
4955147
5992202
4432325
3055571
1912484
3948896
1609112
1744648
1219266
924284
455247
2263002
308408
191831
270431
1099480
1306254
1741354
3431199
5150338
4082230
4946970
4756858
4297017
3749578
4648348
2399425
2498111
2282023
2104818
2348278
1899112
2955703
837362
469395
2168278
332664
212807
357488
571448
855441
1607357
4547335
3644933
3461584
3522959
3851721
3504795
4925034
4532834
4720345
2995840
3184989
3351314
2370730
2726520
1661266
1064644
621752
2203603
270025
327806
519120
870133
1399909
1938466
3376323
5932034
6038815
4755805
7454924
5101958
9505275
6300381
3597888
4439823
3629751
19140792
19333605
12417943
26664290
6885537
2830012
4244322
1086405
1216958
2151542
3197815
5513102
6644539
6304706
4606737
5190539
7103111
4248580
4741216
4491763
4128005
4094470
5104678
3415472
4853048
3965179
6834667
2852763
2111879
1410843
2290413
490352
727994
604348
1027035
1656523
2016483
2254540
3520514
2157678
3516931
4286320
2402689
3504787
3467333
5017116
3733164
4951927
2212736
4030257
4254173
2171859
1554718
758821
2153802
370795
390687
437289
1546476
2922280
3456191
7812333
9051130
8347928
9657096
7477487
6532830
7389343
7324713
4203558
2473907
2648682
4387721
2557730
3168292
2008934
1230354
1199665
2215531
445084
578136
448754
892831
855278
1975923
3183588
3670042
5117694
3976749
4208482
4866050
5676574
5637880
4082709
3759768
3183524
2941727
5682782
5973768
2425320
1437638
969596
2632247
493124
396025
571326
1301901
1418834
1881040
4494687
5757798
7306440
6078631
4233512
5523219
7863829
4019248
4106179
4497286
3867520
3550459
3742312
5500078
2948760
1596502
909671
2390475
670785
676689
732114
2325271
2389986
2480652
4510905
3951890
6071140
4503122
4343338
3584572
5998559
4946018
5314417
4412347
2252762
4443362
2143508
4764405
3874569
1113903
1735230
2119993
430508
319230
612988
807543
751662
1626830
2479048
4968668
3294931
5895544
4167253
11122254
5184990
4819254
2897872
2283619
3160754
1952211
3228710
2386151
2694404
2575393
1040465
2599656
645632
566138
519494
1351494
1216486
1488248
2165892
2764539
3603631
3247854
2540659
2963617
2348839
1770811
1497944
1256682
2698715
1701750
1466087
1445844
1162703
1555077
417298
2182462
407637
444088
503868
577291
629412
793583
978883
1566758
1318712
1335027
1508734
2226566
1220780
2256413
1335708
2463843
1209848
1400540
2456145
1487204
1101172
930602
519055
2196535
452000
331188
336176
479609
538578
1167007
981183
3199561
1543756
1393145
1361673
1258859
2348259
1334290
1357101
2107180
2473784
2575041
1677596
3929442
2216123
901877
776025
2383573
726568
1610909
805931
740920
902293
1984582
3472844
8196440
3635237
5302354
4300327
3100441
6470813
4313814
5032131
2898751
1534415
1593760
2312890
1993605
3699294
2429621
459345
2209183
393146
586144
429447
659173
1162094
1469814
4026412
3620964
4261172
4420036
5072693
5136629
6173536
3323508
2984576
2091147
1931853
1747593
3344806
3611817
1566317
785970
522822
2147712
350386
672356
557939
930875
1009263
2902936
3007173
3047196
5896462
4233115
2972875
5764647
3249298
4586314
3643412
2285363
2037432
3528354
2280544
4029776
1842521
859941
1110569
2275206
222588
212054
303334
3160206
945138
1190424
2558792
4172212
3471896
6922051
4576272
4227567
3751891
2778242
2592265
2071044
4682164
1650709
2724492
2622163
1160610
1436460
418695
2096398
533277
1668935
1768307
1956233
1120014
1025624
964880
933212
1320064
3581214
2336789
1198208
2146094
1103689
1056369
1168495
1066812
1119464
1278945
2382739
830325
651380
565343
1999041
177776
517553
227784
682859
948445
843885
1186786
2234618
918703
2392683
1312145
2478446
2417442
897078
937234
2077898
984953
1014893
1605333
2267490
1957231
599432
389599
2010120
198846
217487
281118
850406
589868
1314956
7109360
2630118
5023073
4128528
6880069
4267675
2796594
4227091
5655078
2593596
2827338
5902651
2133858
1933421
1355893
1888503
425237
3304096
255456
235100
421479
754265
818693
3814974
2517656
5791303
4165484
4622280
4292868
4074061
3822854
3990736
2904627
1800910
2696484
2683052
1587877
3918782
1530536
835546
438201
3320398
298958
216328
269460
802594
867484
1986322
2575916
4746187
5904334
7408812
2869766
2812081
4631276
8119681
3832934
3933641
4947679
6723554
2733722
5214770
2591291
1416577
867319
2320096
613906
423155
745443
1005499
941254
1835167
4911844
3634551
2641193
3861310
4120923
5030871
5128654
8713351
6539315
2953283
2069379
5920797
2384462
4146578
2532701
2136343
735232
3399819
345293
279490
292113
755102
1190508
1800835
2872684
2999796
5806537
3766675
5937888
7808032
5691914
2574377
5533814
4140992
5371326
2816519
3038704
5550093
2006506
2462518
480576
4212671
447503
357450
338190
2043651
897477
1359021
1598489
1496470
1531287
7667768
1228273
1246811
1922440
1766215
3788390
1260894
2009006
1578360
1832765
1360184
1527128
836105
548290
2083642
292866
284267
395457
495611
424149
937028
1884173
1414925
1155976
1214911
1287789
1221810
1224214
1431668
1302556
2587213
3761078
1306668
1625345
1533165
1337640
983226
405654
2064364
278481
265693
533631
738944
2350719
3431733
5292796
3580295
7226472
7247035
5840329
3582646
3452023
4199306
3958354
5256842
4097083
3181699
4762235
3597988
4650076
3053168
681633
2432552
918575
308206
344092
886658
754046
2649672
3831194
3152870
6089060
4505822
3295157
5000258
5153978
3118975
3891660
3043614
3247981
3433668
2111009
2279227
1306474
1187408
1459317
2248919
515135
450476
645490
590288
1032912
1621497
2259796
3734725
4589946
3756176
4206775
3392140
3566797
4300692
2540571
3972738
2312687
1556489
1662144
1485110
1380965
1031056
513812
2082674
346564
209494
1791217
469749
773039
1422385
2531557
2465422
4402695
6121671
3785391
3319037
3298807
4286582
3518808
2108334
3131519
1839122
2211310
2072744
1532516
1330792
618808
2210381
355687
336972
468443
662890
797707
1568397
2782605
2970656
3938241
3639342
3150349
2789246
2851195
3122283
1996013
4182176
3760694
4018089
3127794
3252426
1566547
1404549
976194
2598394
751704
672590
755729
1013304
1198206
1442251
1859778
1977381
3261246
3136507
1785138
1817286
1938188
3074796
1575329
1559766
1375296
1317608
2643263
1607715
1954052
2237693
650698
2283243
298286
350866
541287
675752
827866
1106419
1773720
2442517
2200471
1667125
1503856
1265557
1759563
1365878
1390530
1299036
1439758
1283908
1674700
2870104
1634060
963656
1629534
2347862
284390
337821
625640
502055
777050
1610623
3214448
5767925
6106153
4318289
3355724
4832341
6516641
2999921
2571376
1685809
1353113
1934255
1694746
1847746
1326189
759766
489154
2121012
252768
293374
596651
510802
760947
1434102
3373646
5113649
4548396
5110363
4457257
6565132
4694948
3192998
5614565
5391790
5736864
3333530
3062689
2646680
2298541
2226853
748021
2227056
420202
284012
357241
1078731
1140417
2152058
2774131
3719965
2289352
3248565
3100739
2693485
3423738
3353030
5116932
2892785
2895822
2929052
4233375
7765158
2839189
1308581
738529
2622127
411238
204349
280879
640671
793102
1993630
2412602
3232570
3391625
3248959
2888408
3437424
2508034
3782273
3523721
3171057
3553270
2499252
2492874
2221856
1832454
1179297
639676
2208008
281134
241647
465073
509360
1021808
2314296
3438642
3277472
3353921
4560708
4329681
3027939
3902817
2699110
2119246
1705413
1675488
1639791
2665060
2015707
1522024
849226
1664187
2138463
479821
476380
348740
444987
1910543
1123634
1573198
1430803
1386516
1160820
1193717
2337536
3485085
2409355
1296472
1426793
1584683
1767780
1248770
3875313
2137360
732965
1711662
2196048
340026
286947
283616
426211
721278
1277345
1451969
1523144
2956066
1712827
1311424
1102640
1902273
3966459
1694391
1462592
1836973
1549436
1355736
1440685
1578065
596886
496169
2094435
479740
287158
339909
463781
986414
1710955
3006727
4766645
3182962
4349176
4502236
3891415
4603203
8938724
6660807
5617953
2971761
2840074
2261720
3817774
3922310
1603016
731738
2470419
757071
1579127
309068
492964
1002980
2663717
4850666
4221147
6579265
4451135
4010686
10504633
5266323
2903034
4088799
1912261
1952473
2441636
2480324
2564444
2143693
1061913
893735
2389644
638648
616922
633969
1070422
1269157
2777824
2739395
5910672
3695746
5738811
2853274
5790771
3088848
5586682
3696346
1552210
1544961
1650701
2226239
1642972
1435950
1007419
593389
2242502
322104
275507
242447
695371
2200612
1149797
3118670
2377946
4053790
4141817
3799117
2686480
3104191
3709130
2501528
1887907
1725354
1873521
1888217
3087240
1495515
1066976
672039
2298276
318189
368761
444084
500618
1828730
1590645
2390067
5030810
3744000
3962146
2151903
3174635
5140737
4227851
2076824
3232016
1992497
1602185
1560300
1706087
1297122
1099408
1562716
2175614
396614
461763
508551
681436
1279507
998687
1042608
1220072
2383312
1223601
3519006
1225008
2059673
1830748
3714246
2280282
1784845
1304666
4086305
2272769
1059605
1970249
830993
2214411
499870
405205
416078
785620
1536538
1053323
1546329
3874600
1837363
1742027
1215077
1247182
1178939
1353350
2399082
2521884
1266073
1693106
2505203
1427640
1351507
864634
462320
2273856
511258
489033
513387
545860
622052
3922690
2550402
4977943
8029515
6339559
6570403
3689425
3096269
3658584
3165084
1903558
1649888
1690465
1884276
1767902
1266398
1033512
772119
2374774
469797
490541
468332
634156
859977
3170120
5801630
4333515
3903385
3267615
2830710
6267917
8073302
3406242
6573836
1990816
1933901
1800010
2363953
5599046
2086606
939997
703085
2324033
545526
515442
465171
992298
795744
1739665
3220534
3144455
3115644
3920099
3596976
5324380
3491974
2922378
5370840
2139130
1776909
1957272
1893193
1877150
1330156
819587
791892
2284486
454134
457860
586011
719618
906004
2237406
2580462
4043142
3152262
2972490
4803273
6715524
4488766
4749072
4191144
2305932
2090317
4414309
2351801
3209783
5427484
1391495
871007
2384640
398014
451865
523024
801564
1425791
1942668
3959762
2951407
3870104
6564488
4295822
4414467
4448667
4811627
2668417
2286030
3548141
2080614
2797801
2049568
1535978
1182147
2002361
5763205
479758
553437
529412
564447
947742
1351353
1426717
1529747
1426697
3827350
2767904
3132431
2057063
3295578
3873613
1730541
1750946
2241884
2237583
3641741
1296096
1197274
707555
2208060
307766
303475
315301
327359
994705
1099906
2664963
1415119
1356548
1486758
1146224
1138355
994331
1311666
1249615
1154134
2444280
1746440
2794217
1709971
1281461
831438
532103
2186576
297103
531534
264331
438614
1200896
1863960
4460846
3915654
3733856
5113451
3533356
4784471
3146056
3608513
4019002
2095145
1796230
1703832
2741773
2744005
1562480
2154118
1889760
2468403
300247
304144
501452
680004
2515612
2061499
4905144
6508287
4670769
5527350
4491123
5180753
4463633
6154927
2996592
2328997
2503689
2906130
3245562
1849911
1637544
953066
1926923
2355604
393257
416582
547163
719504
1262515
2574741
3812300
4783667
5629895
4173635
5899775
6742125
3462119
3177101
2302670
1889642
1622939
1616030
1796636
2196106
1524770
744281
757862
2279452
486263
400113
800529
666285
1424041
1613757
2164026
3460132
3120151
2886535
3941043
4132917
3154452
2393644
4789763
1551732
4946068
1383102
1937530
1531812
1371801
809188
707477
2372260
539557
487778
452950
765204
1296994
1425059
1945569
2618668
3688439
2367915
3040364
3016476
2759276
2423470
4746475
1805357
3231871
4140234
2693640
2773523
3069632
1858880
1617932
2426013
522258
480901
542427
1091265
1113460
2279351
2430950
1515546
1766431
1725189
1043157
2366140
1496442
2401968
1781051
1118744
1273084
1584086
1232447
1329733
1178058
804193
707373
2324785
530169
569131
1007918
533501
730349
1127660
3485786
1233015
1500268
1371611
3509753
2400045
1265086
2392337
1563693
2040470
2723662
1129256
1363295
2313558
3005941
1137138
592098
2178764
415930
622862
436478
659300
1401516
1524482
2965232
3439926
5500444
2907951
3493082
3766233
4922446
7142691
5750980
2121285
2172722
2573667
1914867
1937146
3402222
1087369
699995
2255559
484654
439100
508910
722127
1328519
1762677
3081188
3170598
4856118
6576852
4075276
4047395
4707829
4868892
4295404
2326923
2164779
4063154
1884306
1846624
1321794
1054457
1828192
2294891
554563
591841
526831
3230138
725451
1818036
3151908
5008763
5312235
4193691
3899911
4745048
5718167
9917932
3203896
3715127
3291131
2306595
2426212
2148954
1647414
1145436
1478040
2429029
568487
535079
622276
1432239
1373204
1852990
4911747
2938358
3146887
3148273
2867491
5564583
3030032
6073042
4592749
2191806
2062738
3214832
3137443
3058178
1565258
1069796
755785
3518474
452871
547385
484574
1222500
1208116
1778293
2775887
5925907
3494989
5352515
5926566
5969470
6795344
5755506
3551471
4063290
2787986
2683277
6284799
6943386
3677295
1230753
826278
2578427
635696
465450
550827
1030378
1133688
1285770
1896656
1934284
1721759
1603417
1690126
1611400
4959806
1285112
1506962
1407792
2677591
1382225
4060371
1601780
2283142
989442
609139
3430608
468436
394256
451363
490099
914985
1579575
1570637
1380409
2572593
3542408
1288275
1170507
1364699
1431752
1474111
1368044
1428089
1686797
1590846
8291020
1212481
2439567
803285
2389020
524844
521346
498440
681411
1296761
2498332
3284276
5690632
3462249
4759414
4315107
10419131
7136392
6245131
4004593
2764391
2931367
3520813
4942099
2241930
1792080
1287028
885871
2453111
558951
508382
507736
664435
957164
2101843
2665358
2899169
5431034
4213814
2909058
3500905
4160183
5302087
3562539
3036227
3170386
1848485
1921022
2235770
2202774
1041838
713695
2422292
726468
404022
395533
772111
2271779
2063789
2815691
3977390
5141191
2746798
4863863
6236220
4401385
3971089
3117523
1594521
2652262
2688594
1558986
3222865
1456342
1701190
631378
2153429
301564
396303
800654
464255
893568
1868072
3665652
2583439
4128530
4664464
2839978
4099483
3725368
4116785
2030488
1359392
2805078
2871414
4371618
1719127
1309611
933860
802262
2363094
510923
503774
577670
732753
1054860
1396002
3386260
2613366
4894024
3208242
3046595
3592680
3089486
2565949
2411341
2485837
2316663
1966995
1686620
2055546
1322848
854332
528163
2261051
446509
567092
655237
814173
4124071
1223343
1734249
1808892
1591976
1602444
1948096
1680301
1484681
1324776
1410100
1488836
1531763
1446226
1282858
1731199
1496866
2000473
752372
2331248
512433
520219
556866
644171
898412
1396511
1407880
2020488
1806437
1597824
2624027
1699731
1621850
1615583
2537232
1418651
2435710
4954344
2294387
1271129
1209294
764363
575369
2181751
368763
336025
422591
498643
1379978
1561506
2255151
2576846
5430415
4684330
4837060
5050467
5332122
4546622
4550129
3046540
1716669
2533917
2916250
1670872
1189207
752570
487047
2221864
392512
483061
426448
625418
1099242
2321341
2247614
5090093
4923722
5311630
4354975
3265697
2620456
2676929
4159232
2898778
4074931
1301064
1790267
1687769
2185260
863632
900332
2376467
351307
335786
453343
532161
1119218
2056593
2490032
2391540
3562417
2645326
3318788
3046832
5347602
7098039
2714746
1535558
1444426
1378619
1748122
1695436
1632438
994042
654132
2150987
409870
392257
1500674
639482
922802
1985611
2523082
3482456
2570370
4248302
3577150
5378745
5337060
4702812
4483848
1806556
1757885
1702484
2565517
1737988
2555562
1975487
979203
2297834
523614
432769
580126
540938
763302
1322012
3326427
2449306
2691242
2370830
3581743
2962794
2365227
4403131
4855804
5484766
2793497
2107475
1765873
3334489
1460701
1155749
710207
2345627
502987
578044
522592
728696
1084188
1708345
1228983
2591521
1431411
1282350
1504574
1497808
1495585
1448786
1479584
1370290
1274319
2227533
3164333
1597694
1110981
897920
1385341
2251594
514420
309696
390296
1233774
716421
720558
985536
1727034
1926547
1752749
2711108
1431373
1362850
2599094
1530222
1192813
1365454
1106858
1410649
1090533
2081373
1031177
738113
2244132
2498404
336605
544099
889173
803502
1429788
3811295
4060062
3170861
3933770
2691481
5085650
3503097
3322212
4238812
3278495
4276786
1826236
1929161
1659060
1514271
856318
561702
2275968
338049
429928
652788
1016877
709485
2664838
2821067
7478654
2724162
4725621
2210296
3344516
3490010
3824126
2925102
1543858
2504128
2734113
2654856
1525683
1198627
754861
560680
2274605
350952
325462
354061
1056748
822669
1491344
2253354
4532575
3443084
3401683
4367180
7088499
3204585
2868703
7304917
11817235
2769579
4513045
3540135
1885616
1702370
1373263
1013054
2562352
1639814
418962
667298
1001251
678311
2162944
3197452
3092087
4214308
4408221
4512566
4625655
4628883
3474270
3855798
1914345
2054719
1542069
3328483
2074961
2433853
1010590
880626
2517332
595917
659884
586612
986776
1052921
2449405
2364851
3863645
2821634
2638789
3768484
3197980
2473263
2260925
3263230
3917022
1388464
2559254
1817831
3060758
1810844
1996140
650722
2402605
490662
470858
827917
912480
895265
1003852
1475228
1609035
1928146
4253776
1942552
3183699
1606123
1405066
1246706
1123828
1101335
3687817
3514470
1430461
1351712
915072
666282
2334390
588860
413439
366199
1639004
868808
1037671
2058038
1227771
1228642
1370104
4878449
1436426
1300642
1401463
1358599
1206771
1190039
1287864
1420691
1551647
2836349
813827
426522
2112361
340158
453920
737766
1069115
1236054
1354367
2155774
2771381
4047274
6646214
3647561
4990318
4238803
5368505
3524549
2069284
2233316
1974489
2428400
1881372
1433753
1984983
1845062
2424181
473208
1481094
759262
625617
842800
1349147
5853916
4546868
3136980
3874438
3972527
4251375
4480675
2578912
2479756
2903532
1658746
1835291
2058874
1739511
1338165
1120351
790745
2345369
429752
505404
558408
2041008
1078399
1351549
2275582
4261400
2421630
3698394
2690425
5875818
6075656
3641433
2674440
2319712
2106304
4156472
3586670
1896042
1442350
1933971
565340
2257935
314186
389780
265626
768144
2694692
1390708
1781016
2158452
3130179
3999840
4803093
5762400
2271455
2332379
2406444
2244251
2451725
2481945
3448498
2317280
3698693
999324
665553
2241625
371713
235083
252524
875440
769401
1168905
1298004
7255312
1255332
1261467
1756274
1430502
1199076
1226294
912720
1092925
1077894
1049015
1228867
923996
921034
759873
1844917
2227611
412472
528416
442681
2056996
803820
869100
1007129
1314609
1110267
1048025
1074010
1102310
1079075
1218337
962670
1068054
1011237
2249337
1454105
1210832
2108268
840502
774219
2298922
535909
517991
506326
569564
578922
982414
1181456
1146876
957626
804300
980514
1359122
988967
974653
824926
2060571
3147041
855421
926707
1676989
926572
1127320
384211
2095039
196791
222496
758119
796964
688878
1563867
3344596
3747621
6195999
5193486
3825591
5106802
3082692
2746133
3435521
2047919
2632276
5257354
4804126
1509461
1057725
1058279
594454
2213708
607649
374619
427419
477068
998362
2843504
2757100
2535707
2710483
4951596
3909240
4070420
3925044
4065839
3372495
2718257
1424958
3737595
1853712
2949040
3350141
665658
360194
2087971
198257
213409
393967
819423
516610
1305536
2386893
2712481
3160996
4607777
2136859
3496695
4954200
4709234
4181848
3138362
2804311
2708108
2479889
2342586
1923632
1138232
414945
2259813
269029
269717
1158306
381190
1211265
1854889
3470674
6478300
3937806
10364124
10977328
6745644
6423440
6174792
5478700
4395467
4238417
2840684
3140706
3362198
2631192
1569419
1137122
2569933
305319
222018
1924077
1520079
862870
1433438
2727889
4862082
4501001
4245885
6011208
4429112
6137787
6048446
2953859
4634530
4234334
2975625
2926905
3460162
2624602
1812806
824936
2420218
627009
316208
497270
1295386
1117674
2646600
2688842
5857668
3745524
5928584
7388364
5144670
5330567
6038307
6262187
6808520
7626370
7870367
7444358
6446850
4042208
3363483
1317903
2564201
491293
464217
1303294
951308
1210051
1531707
1985960
2313172
3212458
2497608
2001427
2901685
5325256
5163572
4187462
4399642
2903799
5055287
3523369
5324032
2542454
1993858
981240
2480423
346337
520433
930143
863990
1524172
3684040
9222770
10570157
9624567
8681383
7022592
8664173
7567693
7822684
4026085
2474369
4561844
2370639
2996627
2941573
1950454
2213077
953150
2404039
440930
396195
982692
608904
1273532
1879011
4227608
3981282
3422750
4004481
4456529
3737528
4404994
2853746
7454854
2232228
2229083
2113749
2868539
4068695
1324627
1137188
655361
2218180
407933
474132
998712
647678
1978130
2483171
2419132
3616033
7604382
5764293
4217118
3423104
5551294
3582853
4688741
2100379
1523767
1511045
1543858
1587076
2095940
699321
269113
2180655
172249
187002
310039
960935
700798
1038564
2500960
2182110
3942406
2130300
2445597
2484539
2798735
3815194
4494641
3910484
3564420
3431616
1839846
4117901
1456412
777152
616023
3609916
501063
429945
448549
1157875
973530
1518709
3443758
5219446
2758556
3641811
4963259
4885196
2597984
3031981
4290538
3002163
1580691
1667354
2281985
1636261
1359452
916574
614316
3320041
333504
243630
997212
653733
5266413
1059912
2528560
1275947
1144637
1213501
2033402
601113
1533484
227539
2082609
305961
754319
665831
596295
1882980
1169116
2400853
2087993
1234896
1440701
948446
2208588
5102659
2089663
962145
2275346
1751206
2257514
2799838
916365
682435
1451745
276721
1980914
1397055
501705
819081
650836
2576907
2397250
2755463
5471705
4285358
3763483
4483321
4643714
5083813
3802656
3403832
1932178
2370085
3349333
2444717
3448262
802534
511208
477782
2201786
416316
664467
786920
761034
3550239
4641688
4873309
3507205
2782636
2750132
4473879
3260804
3572971
4594271
1903017
2129713
1691609
1820200
2879604
1442390
709749
544815
364808
2117124
422448
863014
593261
656589
1580557
2076660
3056542
3604524
3552720
5302376
4151950
7270956
4325153
4427948
3114209
2178308
1872749
4571961
1916293
1588416
1083502
819503
523934
2235777
405529
791600
759853
944442
4076586
2929406
6959900
4189798
5326904
3895822
4390248
6677150
2937442
2169880
1590346
2664067
2598949
3452933
3425979
2253052
3739077
893106
446971
2360645
342601
811121
913199
1472055
2376608
5763461
5988583
8808358
4822447
5908892
7243082
4059623
4166790
2682036
3482362
2140633
2381326
2838392
3068462
1766682
2653586
842971
736750
2519744
723365
861593
766903
1317876
1564621
4208678
2778161
6630066
3974034
4510306
3109836
5671960
3333671
3784983
4548647
3180024
4507407
3725620
3892277
2826594
1799802
1257504
762026
2437816
518322
485403
696831
1223975
2818928
2170608
1875246
2244174
2040052
2074666
1977523
2079138
2048548
2025927
1927443
1936837
1970611
1861787
3299117
1713782
1267562
703615
584434
2191617
409881
468820
560460
1104714
1602616
4407415
3669890
3393070
3624144
4052015
4771765
3933536
6007169
3115287
3516591
1928939
2529191
2290234
2475726
1591317
876204
668536
436263
2264350
381159
489226
691201
960680
1775013
4438134
2596099
5908455
5740715
6348082
3896032
4183412
5733469
2595843
2063964
4579425
2651915
3775845
2114605
5060657
2953434
1097798
586345
2301036
499360
743906
897872
1293586
2149389
6022596
13239799
5545282
5047928
3128562
5065444
7044952
3742241
3657664
2170078
2194812
2224823
2060552
3549401
1698517
2825810
790877
563069
2233377
1497917
420918
752118
1383617
1740397
3532225
3079980
4678963
2959702
2841242
2784095
3590679
3691118
4032218
1385103
1505350
1522830
1399541
1257141
989299
610734
391114
289557
2079387
235274
251334
462350
587123
990727
1867503
3740245
3512864
6225736
3774765
3574057
2942532
3711889
4526630
1804052
1675776
1545319
1672438
2097494
1245461
695585
513942
400660
2117697
297212
409187
559698
656353
820997
1283999
1174556
1466751
1128614
1056932
1024926
1128366
2285391
1274001
1914336
2718460
2053728
1105880
1172886
1212188
748368
548442
393238
2082457
285714
319914
450191
1724887
717648
2944118
2071927
2079314
3353602
2645606
1703162
1445188
1896988
1867807
1506663
1820652
2475508
4186574
2978188
1903138
1272588
1253217
1654587
3879512
2666289
2065948
1601479
2887944
2083957
3617610
3452685
7100239
6720370
4017703
3106247
4260036
3061862
3233342
3506087
4385550
2302828
2152084
2099969
1738789
1226572
1274027
1361650
2802290
1990283
828892
741838
1182282
2744094
2891149
3390986
2473725
2643525
2538314
2381798
3380948
3441502
3138713
1402510
1236920
3375006
1732677
3444772
2230100
1721980
380900
447436
2142470
346833
287320
429418
837362
849572
2826241
2357809
2625656
4452608
2305991
3584593
2410388
4702492
1963320
1560426
2564673
2700509
1591497
1782872
2053487
603361
337288
356465
2090343
219548
295476
496952
666173
1167694
1734665
2013321
3578661
6209561
2036800
5208766
4581014
2595325
3272868
5076966
1685343
4101244
6700641
1359406
1278781
1093504
740781
430656
2169921
512680
542003
462331
599658
880949
2981189
2231026
3392197
2491123
1910532
2570921
4605050
1922869
1641935
2658359
1220117
1325703
1242677
2228094
795839
557371
422462
437298
2273997
561146
534429
538872
665264
725150
983216
2203319
1090595
1204436
1085990
1212626
1086026
1064266
933285
3195850
2129880
2262650
1339725
1374406
1007902
875349
1762895
402533
2217368
514306
376913
409070
563524
839432
1437938
1207372
1069278
993897
837031
785769
1931050
1110204
937714
1026890
1489511
1221914
1307741
3355380
732008
4207326
407708
299612
2024398
428002
321195
337749
469859
2674984
2574976
2938043
3805096
3751837
3551667
3619539
3317426
3814271
2934847
1767465
1498646
1683046
1814998
2338782
1064206
1993585
632138
460801
2112398
277552
369319
506593
584263
2259093
1988630
2697239
3755960
2840615
2244954
3055815
3839711
3396974
2981903
1897026
1443542
1898867
1798304
1515865
1153711
822680
1717882
370240
2071595
303875
390980
501063
739582
1694617
3109761
5243880
4746180
5000527
8406515
4350631
5545766
2884178
5824543
5272797
4890754
7275261
5731372
6128635
3501636
3033133
1042503
547742
3332461
298121
409314
1735352
1066329
4138804
5282440
3209117
4636668
7810618
7409840
4574502
8317738
4253470
2995329
3040348
2438076
3908073
3280321
2939588
1495679
1181149
584064
508409
3828661
478704
419753
544106
2167342
2291714
3338302
2860271
7001546
6589016
5470084
5967317
5027712
2252472
3296893
2335696
2750904
1800655
1839992
1370005
1926542
1385216
715420
613429
3520204
554115
454930
467242
1675669
2102082
2848283
2379095
2401876
1109225
1348852
1173292
6867672
941808
1069554
1177239
3591519
3880896
1276900
1161955
1130949
834057
616675
2727533
2140112
377079
457414
435295
536519
848318
2024258
1163734
2453629
1721919
1302173
2825771
3519180
1589925
1376574
2374629
2362910
1515786
1831583
2325641
4415679
3032863
767800
668520
2564046
546657
509701
541893
839870
1550943
3070097
2696756
3881652
5126302
5173017
5878510
3641867
3143410
3692400
2900495
3086330
1686500
2806131
2751604
1164116
855538
1714375
405240
2256267
520046
533902
531402
795701
1298273
2271721
2793143
2794768
4573311
2321783
3069107
2951795
2647672
3068088
1544241
4029967
1671414
2697044
2426656
2308960
853702
477516
296811
2013986
352115
360674
429560
781126
3418527
2162421
3002800
4698879
2182021
5544303
4241099
4173424
3424368
2733887
2081414
3294799
1959250
4469344
1845197
1410298
862018
573922
431068
2274510
430106
476161
461776
803076
1272081
2931930
7296965
4036508
5063949
1943042
4751720
6561758
5379967
2680653
1854501
2006635
2326615
2818604
1582701
4746675
2311604
562749
400930
2090572
335306
437408
522701
662709
1141251
2672556
2959927
3666306
3616971
2202469
3246620
3091742
2029727
1388094
1701482
7133055
4110368
1379894
2339266
1286004
1168336
646150
378219
2235776
388284
388192
426745
575962
799098
1089730
1050937
3391755
1080504
1440366
2166696
1353189
2041885
2203377
1009046
989778
1398203
4790928
2489946
1010750
775765
686670
1957976
3411319
435740
445979
502860
525530
4559380
822130
1045779
1105469
1452439
3366348
1167847
967935
2288852
1401693
1126212
1009196
3491917
1198102
1152770
1963267
813405
645391
511702
2214035
442815
426587
544371
571317
1875824
1958708
1081312
1247369
1176266
1206870
1128683
1097772
1595399
2530045
2021895
1315919
1378858
1337484
1368954
2183517
716835
519956
447939
2166092
330213
460516
532577
697996
1193511
3822895
2419864
2639192
3730884
3157607
2236694
2715787
2383917
2279458
4033727
3125955
2123436
3089078
2967676
1381668
949666
521688
323979
2134037
284538
272063
378406
649434
1171382
1917265
5025811
4965247
3249035
4323479
2427488
4730517
4324293
2941199
1954681
1698398
2776181
2582679
1792807
1054139
659753
455502
345956
2142221
288217
391875
468920
664404
1264762
5050511
5876478
4752345
3005491
3286591
2684351
3817460
6062666
6018717
5155796
2031980
2577085
4395136
3770149
2410268
674215
463421
320734
2108361
314022
343142
457329
623655
3306550
1971065
2224743
3798730
6034178
2176238
5490608
5530451
3735680
1722982
2991958
1794602
1568780
1996630
1705198
1134810
688842
427536
452938
2330620
431990
405056
326780
419300
704279
943578
952945
1755508
1760273
2400715
1287003
2262480
2141653
1352046
1529517
2190361
1352882
3606509
2459992
2211028
825700
642229
295268
2240323
351186
1386460
291920
496213
548393
932235
1258706
1249378
1186279
1312396
1255424
2297216
1483854
1554154
2434005
1403827
2988998
4964433
1366470
1429525
2179906
526945
374449
2093348
357588
366002
366585
558870
1309706
4272694
3272273
4872393
3299969
2687546
3761285
4516169
2881437
2495874
2963314
3876790
2595627
1882372
2696234
2256811
922071
495259
568456
2256032
426357
391995
563936
739708
1380511
4615758
4026332
3051233
2779772
5167484
5096990
3644984
2945997
2540076
3709517
5288331
4042255
3424464
3524007
2568400
1236768
677422
494662
2236440
479324
557157
668319
2538500
2342715
5857318
3457603
3892250
2712342
3335695
4563912
5356426
